-------------------
Frame 0
-------------------
L

    0.00    4.00    4.00    1.33    1.33    0.00    0.00
    0.00    0.00    1.33    1.33    6.00    6.00    0.00
    0.00    0.00    0.00    0.00    0.00    0.00    0.00

U

    0.00    4.00    4.00    2.66    2.66    1.33    1.33    0.00    0.00
    0.00    0.00    6.00    6.00    1.33    1.33    6.00    6.00    0.00
    0.00    0.00    0.00    0.00    0.00    0.00    0.00    0.00    0.00

Z

    0.00    4.00    4.00    1.33    4.00    4.00    0.00    0.00    2.66    0.00    0.00
    0.00    0.00    1.33    1.33    4.66    6.00    6.00    4.66    4.66    1.33    0.00
    0.00    0.00    0.00    0.00    0.00    0.00    0.00    0.00    0.00    0.00    0.00

-------------------
Frame 1
-------------------
L

    0.00    4.00    4.00    1.33    1.33    0.00    0.00
    0.04    0.04    1.35    1.35    5.96    5.96    0.04
   -0.47   -0.47   -0.26   -0.26    0.47    0.47   -0.47

U

    0.01    3.99    3.99    2.66    2.66    1.33    1.33    0.01    0.01
    0.00    0.00    6.00    6.00    1.33    1.33    6.00    6.00    0.00
   -0.21    0.21    0.21    0.07    0.07   -0.07   -0.07   -0.21   -0.21

Z

    0.00    4.00    4.00    1.33    4.00    4.00    0.00    0.00    2.66    0.00    0.00
    0.10    0.10    1.39    1.39    4.60    5.90    5.90    4.60    4.60    1.39    0.10
   -0.78   -0.78   -0.43   -0.43    0.43    0.78    0.78    0.43    0.43   -0.43   -0.78

-------------------
Frame 2
-------------------
L

    0.00    4.00    4.00    1.33    1.33    0.00    0.00
    0.15    0.15    1.41    1.41    5.85    5.85    0.15
   -0.93   -0.93   -0.52   -0.52    0.93    0.93   -0.93

U

    0.04    3.96    3.96    2.65    2.65    1.34    1.34    0.04    0.04
    0.00    0.00    6.00    6.00    1.33    1.33    6.00    6.00    0.00
   -0.42    0.42    0.42    0.14    0.14   -0.14   -0.14   -0.42   -0.42

Z

    0.00    4.00    4.00    1.33    4.00    4.00    0.00    0.00    2.66    0.00    0.00
    0.40    0.40    1.55    1.55    4.44    5.60    5.60    4.44    4.44    1.55    0.40
   -1.50   -1.50   -0.83   -0.83    0.83    1.50    1.50    0.83    0.83   -0.83   -1.50

-------------------
Frame 3
-------------------
L

    0.00    4.00    4.00    1.33    1.33    0.00    0.00
    0.33    0.33    1.51    1.51    5.67    5.67    0.33
   -1.36   -1.36   -0.76   -0.76    1.36    1.36   -1.36

U

    0.10    3.90    3.90    2.63    2.63    1.36    1.36    0.10    0.10
    0.00    0.00    6.00    6.00    1.33    1.33    6.00    6.00    0.00
   -0.62    0.62    0.62    0.20    0.20   -0.21   -0.21   -0.62   -0.62

Z

    0.00    4.00    4.00    1.33    4.00    4.00    0.00    0.00    2.66    0.00    0.00
    0.88    0.88    1.82    1.82    4.17    5.12    5.12    4.17    4.17    1.82    0.88
   -2.12   -2.12   -1.18   -1.18    1.17    2.12    2.12    1.17    1.17   -1.18   -2.12

-------------------
Frame 4
-------------------
L

    0.00    4.00    4.00    1.33    1.33    0.00    0.00
    0.57    0.57    1.65    1.65    5.43    5.43    0.57
   -1.76   -1.76   -0.98   -0.98    1.76    1.76   -1.76

U

    0.17    3.83    3.83    2.60    2.60    1.39    1.39    0.17    0.17
    0.00    0.00    6.00    6.00    1.33    1.33    6.00    6.00    0.00
   -0.81    0.81    0.81    0.27    0.27   -0.27   -0.27   -0.81   -0.81

Z

    0.00    4.00    4.00    1.33    4.00    4.00    0.00    0.00    2.66    0.00    0.00
    1.50    1.50    2.16    2.16    3.83    4.50    4.50    3.83    3.83    2.16    1.50
   -2.60   -2.60   -1.45   -1.45    1.44    2.60    2.60    1.44    1.44   -1.45   -2.60

-------------------
Frame 5
-------------------
L

    0.00    4.00    4.00    1.33    1.33    0.00    0.00
    0.88    0.88    1.82    1.82    5.12    5.12    0.88
   -2.12   -2.12   -1.18   -1.18    2.12    2.12   -2.12

U

    0.27    3.73    3.73    2.57    2.57    1.42    1.42    0.27    0.27
    0.00    0.00    6.00    6.00    1.33    1.33    6.00    6.00    0.00
   -1.00    1.00    1.00    0.33    0.33   -0.33   -0.33   -1.00   -1.00

Z

    0.00    4.00    4.00    1.33    4.00    4.00    0.00    0.00    2.66    0.00    0.00
    2.22    2.22    2.57    2.57    3.43    3.78    3.78    3.43    3.43    2.57    2.22
   -2.90   -2.90   -1.61   -1.61    1.60    2.90    2.90    1.60    1.60   -1.61   -2.90

-------------------
Frame 6
-------------------
L

    0.00    4.00    4.00    1.33    1.33    0.00    0.00
    1.24    1.24    2.02    2.02    4.76    4.76    1.24
   -2.43   -2.43   -1.35   -1.35    2.43    2.43   -2.43

U

    0.38    3.62    3.62    2.53    2.53    1.46    1.46    0.38    0.38
    0.00    0.00    6.00    6.00    1.33    1.33    6.00    6.00    0.00
   -1.18    1.18    1.18    0.39    0.39   -0.39   -0.39   -1.18   -1.18

Z

    0.00    4.00    4.00    1.33    4.00    4.00    0.00    0.00    2.66    0.00    0.00
    3.00    3.00    3.00    3.00    3.00    3.00    3.00    3.00    3.00    3.00    3.00
   -3.00   -3.00   -1.67   -1.67    1.66    3.00    3.00    1.66    1.66   -1.67   -3.00

-------------------
Frame 7
-------------------
L

    0.00    4.00    4.00    1.33    1.33    0.00    0.00
    1.64    1.64    2.24    2.24    4.36    4.36    1.64
   -2.67   -2.67   -1.49   -1.49    2.67    2.67   -2.67

U

    0.51    3.49    3.49    2.49    2.49    1.50    1.50    0.51    0.51
    0.00    0.00    6.00    6.00    1.33    1.33    6.00    6.00    0.00
   -1.34    1.34    1.34    0.44    0.44   -0.45   -0.45   -1.34   -1.34

Z

    0.00    4.00    4.00    1.33    4.00    4.00    0.00    0.00    2.66    0.00    0.00
    3.78    3.78    3.43    3.43    2.57    2.22    2.22    2.57    2.57    3.43    3.78
   -2.90   -2.90   -1.61   -1.61    1.60    2.90    2.90    1.60    1.60   -1.61   -2.90

-------------------
Frame 8
-------------------
L

    0.00    4.00    4.00    1.33    1.33    0.00    0.00
    2.07    2.07    2.48    2.48    3.93    3.93    2.07
   -2.85   -2.85   -1.59   -1.59    2.85    2.85   -2.85

U

    0.66    3.34    3.34    2.44    2.44    1.55    1.55    0.66    0.66
    0.00    0.00    6.00    6.00    1.33    1.33    6.00    6.00    0.00
   -1.49    1.49    1.49    0.49    0.49   -0.50   -0.50   -1.49   -1.49

Z

    0.00    4.00    4.00    1.33    4.00    4.00    0.00    0.00    2.66    0.00    0.00
    4.50    4.50    3.83    3.83    2.17    1.50    1.50    2.17    2.17    3.83    4.50
   -2.60   -2.60   -1.45   -1.45    1.44    2.60    2.60    1.44    1.44   -1.45   -2.60

-------------------
Frame 9
-------------------
L

    0.00    4.00    4.00    1.33    1.33    0.00    0.00
    2.53    2.53    2.74    2.74    3.47    3.47    2.53
   -2.96   -2.96   -1.65   -1.65    2.96    2.96   -2.96

U

    0.82    3.18    3.18    2.39    2.39    1.61    1.61    0.82    0.82
    0.00    0.00    6.00    6.00    1.33    1.33    6.00    6.00    0.00
   -1.62    1.62    1.62    0.53    0.53   -0.54   -0.54   -1.62   -1.62

Z

    0.00    4.00    4.00    1.33    4.00    4.00    0.00    0.00    2.66    0.00    0.00
    5.12    5.12    4.18    4.18    1.83    0.88    0.88    1.83    1.83    4.18    5.12
   -2.12   -2.12   -1.18   -1.18    1.17    2.12    2.12    1.17    1.17   -1.18   -2.12

-------------------
Frame 10
-------------------
L

    0.00    4.00    4.00    1.33    1.33    0.00    0.00
    3.00    3.00    3.00    3.00    3.00    3.00    3.00
   -3.00   -3.00   -1.67   -1.67    3.00    3.00   -3.00

U

    1.00    3.00    3.00    2.33    2.33    1.66    1.66    1.00    1.00
    0.00    0.00    6.00    6.00    1.33    1.33    6.00    6.00    0.00
   -1.73    1.73    1.73    0.57    0.57   -0.58   -0.58   -1.73   -1.73

Z

    0.00    4.00    4.00    1.33    4.00    4.00    0.00    0.00    2.66    0.00    0.00
    5.60    5.60    4.45    4.45    1.56    0.40    0.40    1.56    1.56    4.45    5.60
   -1.50   -1.50   -0.83   -0.83    0.83    1.50    1.50    0.83    0.83   -0.83   -1.50

-------------------
Frame 11
-------------------
L

    0.00    4.00    4.00    1.33    1.33    0.00    0.00
    3.47    3.47    3.26    3.26    2.53    2.53    3.47
   -2.96   -2.96   -1.65   -1.65    2.96    2.96   -2.96

U

    1.19    2.81    2.81    2.27    2.27    1.73    1.73    1.19    1.19
    0.00    0.00    6.00    6.00    1.33    1.33    6.00    6.00    0.00
   -1.83    1.83    1.83    0.60    0.60   -0.61   -0.61   -1.83   -1.83

Z

    0.00    4.00    4.00    1.33    4.00    4.00    0.00    0.00    2.66    0.00    0.00
    5.90    5.90    4.61    4.61    1.40    0.10    0.10    1.40    1.40    4.61    5.90
   -0.78   -0.78   -0.43   -0.43    0.43    0.78    0.78    0.43    0.43   -0.43   -0.78

-------------------
Frame 12
-------------------
L

    0.00    4.00    4.00    1.33    1.33    0.00    0.00
    3.93    3.93    3.52    3.52    2.07    2.07    3.93
   -2.85   -2.85   -1.59   -1.59    2.85    2.85   -2.85

U

    1.38    2.62    2.62    2.20    2.20    1.79    1.79    1.38    1.38
    0.00    0.00    6.00    6.00    1.33    1.33    6.00    6.00    0.00
   -1.90    1.90    1.90    0.63    0.63   -0.64   -0.64   -1.90   -1.90

Z

    0.00    4.00    4.00    1.33    4.00    4.00    0.00    0.00    2.66    0.00    0.00
    6.00    6.00    4.67    4.67    1.34    0.00    0.00    1.34    1.34    4.67    6.00
   -0.00   -0.00   -0.00   -0.00    0.00    0.00    0.00    0.00    0.00   -0.00   -0.00

-------------------
Frame 13
-------------------
L

    0.00    4.00    4.00    1.33    1.33    0.00    0.00
    4.36    4.36    3.76    3.76    1.64    1.64    4.36
   -2.67   -2.67   -1.49   -1.49    2.67    2.67   -2.67

U

    1.58    2.42    2.42    2.14    2.14    1.86    1.86    1.58    1.58
    0.00    0.00    6.00    6.00    1.33    1.33    6.00    6.00    0.00
   -1.96    1.96    1.96    0.65    0.65   -0.66   -0.66   -1.96   -1.96

Z

    0.00    4.00    4.00    1.33    4.00    4.00    0.00    0.00    2.66    0.00    0.00
    5.90    5.90    4.61    4.61    1.40    0.10    0.10    1.40    1.40    4.61    5.90
    0.78    0.78    0.43    0.43   -0.43   -0.78   -0.78   -0.43   -0.43    0.43    0.78

-------------------
Frame 14
-------------------
L

    0.00    4.00    4.00    1.33    1.33    0.00    0.00
    4.76    4.76    3.98    3.98    1.24    1.24    4.76
   -2.43   -2.43   -1.35   -1.35    2.43    2.43   -2.43

U

    1.79    2.21    2.21    2.07    2.07    1.93    1.93    1.79    1.79
    0.00    0.00    6.00    6.00    1.33    1.33    6.00    6.00    0.00
   -1.99    1.99    1.99    0.66    0.66   -0.67   -0.67   -1.99   -1.99

Z

    0.00    4.00    4.00    1.33    4.00    4.00    0.00    0.00    2.66    0.00    0.00
    5.60    5.60    4.45    4.45    1.56    0.40    0.40    1.56    1.56    4.45    5.60
    1.50    1.50    0.83    0.83   -0.83   -1.50   -1.50   -0.83   -0.83    0.83    1.50

-------------------
Frame 15
-------------------
L

    0.00    4.00    4.00    1.33    1.33    0.00    0.00
    5.12    5.12    4.18    4.18    0.88    0.88    5.12
   -2.12   -2.12   -1.18   -1.18    2.12    2.12   -2.12

U

    2.00    2.00    2.00    2.00    2.00    2.00    2.00    2.00    2.00
    0.00    0.00    6.00    6.00    1.33    1.33    6.00    6.00    0.00
   -2.00    2.00    2.00    0.66    0.66   -0.67   -0.67   -2.00   -2.00

Z

    0.00    4.00    4.00    1.33    4.00    4.00    0.00    0.00    2.66    0.00    0.00
    5.12    5.12    4.18    4.18    1.83    0.88    0.88    1.83    1.83    4.18    5.12
    2.12    2.12    1.18    1.18   -1.17   -2.12   -2.12   -1.17   -1.17    1.18    2.12

-------------------
Frame 16
-------------------
L

    0.00    4.00    4.00    1.33    1.33    0.00    0.00
    5.43    5.43    4.35    4.35    0.57    0.57    5.43
   -1.76   -1.76   -0.98   -0.98    1.76    1.76   -1.76

U

    2.21    1.79    1.79    1.93    1.93    2.07    2.07    2.21    2.21
    0.00    0.00    6.00    6.00    1.33    1.33    6.00    6.00    0.00
   -1.99    1.99    1.99    0.66    0.66   -0.67   -0.67   -1.99   -1.99

Z

    0.00    4.00    4.00    1.33    4.00    4.00    0.00    0.00    2.66    0.00    0.00
    4.50    4.50    3.84    3.84    2.17    1.50    1.50    2.17    2.17    3.84    4.50
    2.60    2.60    1.45    1.45   -1.44   -2.60   -2.60   -1.44   -1.44    1.45    2.60

-------------------
Frame 17
-------------------
L

    0.00    4.00    4.00    1.33    1.33    0.00    0.00
    5.67    5.67    4.49    4.49    0.33    0.33    5.67
   -1.36   -1.36   -0.76   -0.76    1.36    1.36   -1.36

U

    2.42    1.58    1.58    1.86    1.86    2.14    2.14    2.42    2.42
    0.00    0.00    6.00    6.00    1.33    1.33    6.00    6.00    0.00
   -1.96    1.96    1.96    0.65    0.65   -0.66   -0.66   -1.96   -1.96

Z

    0.00    4.00    4.00    1.33    4.00    4.00    0.00    0.00    2.66    0.00    0.00
    3.78    3.78    3.43    3.43    2.57    2.22    2.22    2.57    2.57    3.43    3.78
    2.90    2.90    1.61    1.61   -1.60   -2.90   -2.90   -1.60   -1.60    1.61    2.90

-------------------
Frame 18
-------------------
L

    0.00    4.00    4.00    1.33    1.33    0.00    0.00
    5.85    5.85    4.59    4.59    0.15    0.15    5.85
   -0.93   -0.93   -0.52   -0.52    0.93    0.93   -0.93

U

    2.62    1.38    1.38    1.80    1.80    2.21    2.21    2.62    2.62
    0.00    0.00    6.00    6.00    1.33    1.33    6.00    6.00    0.00
   -1.90    1.90    1.90    0.63    0.63   -0.64   -0.64   -1.90   -1.90

Z

    0.00    4.00    4.00    1.33    4.00    4.00    0.00    0.00    2.66    0.00    0.00
    3.00    3.00    3.00    3.00    3.00    3.00    3.00    3.00    3.00    3.00    3.00
    3.00    3.00    1.67    1.67   -1.66   -3.00   -3.00   -1.66   -1.66    1.67    3.00

-------------------
Frame 19
-------------------
L

    0.00    4.00    4.00    1.33    1.33    0.00    0.00
    5.96    5.96    4.65    4.65    0.04    0.04    5.96
   -0.47   -0.47   -0.26   -0.26    0.47    0.47   -0.47

U

    2.81    1.19    1.19    1.73    1.73    2.27    2.27    2.81    2.81
    0.00    0.00    6.00    6.00    1.33    1.33    6.00    6.00    0.00
   -1.83    1.83    1.83    0.60    0.60   -0.61   -0.61   -1.83   -1.83

Z

    0.00    4.00    4.00    1.33    4.00    4.00    0.00    0.00    2.66    0.00    0.00
    2.22    2.22    2.57    2.57    3.43    3.78    3.78    3.43    3.43    2.57    2.22
    2.90    2.90    1.61    1.61   -1.60   -2.90   -2.90   -1.60   -1.60    1.61    2.90

-------------------
Frame 20
-------------------
L

    0.00    4.00    4.00    1.33    1.33    0.00    0.00
    6.00    6.00    4.67    4.67    0.00    0.00    6.00
   -0.00   -0.00   -0.00   -0.00    0.00    0.00   -0.00

U

    3.00    1.00    1.00    1.67    1.67    2.34    2.34    3.00    3.00
    0.00    0.00    6.00    6.00    1.33    1.33    6.00    6.00    0.00
   -1.73    1.73    1.73    0.57    0.57   -0.58   -0.58   -1.73   -1.73

Z

    0.00    4.00    4.00    1.33    4.00    4.00    0.00    0.00    2.66    0.00    0.00
    1.50    1.50    2.16    2.16    3.83    4.50    4.50    3.83    3.83    2.16    1.50
    2.60    2.60    1.45    1.45   -1.44   -2.60   -2.60   -1.44   -1.44    1.45    2.60

-------------------
Frame 21
-------------------
L

    0.00    4.00    4.00    1.33    1.33    0.00    0.00
    5.96    5.96    4.65    4.65    0.04    0.04    5.96
    0.47    0.47    0.26    0.26   -0.47   -0.47    0.47

U

    3.18    0.82    0.82    1.61    1.61    2.39    2.39    3.18    3.18
    0.00    0.00    6.00    6.00    1.33    1.33    6.00    6.00    0.00
   -1.62    1.62    1.62    0.53    0.53   -0.54   -0.54   -1.62   -1.62

Z

    0.00    4.00    4.00    1.33    4.00    4.00    0.00    0.00    2.66    0.00    0.00
    0.88    0.88    1.82    1.82    4.17    5.12    5.12    4.17    4.17    1.82    0.88
    2.12    2.12    1.18    1.18   -1.17   -2.12   -2.12   -1.17   -1.17    1.18    2.12

-------------------
Frame 22
-------------------
L

    0.00    4.00    4.00    1.33    1.33    0.00    0.00
    5.85    5.85    4.59    4.59    0.15    0.15    5.85
    0.93    0.93    0.52    0.52   -0.93   -0.93    0.93

U

    3.34    0.66    0.66    1.56    1.56    2.45    2.45    3.34    3.34
    0.00    0.00    6.00    6.00    1.33    1.33    6.00    6.00    0.00
   -1.49    1.49    1.49    0.49    0.49   -0.50   -0.50   -1.49   -1.49

Z

    0.00    4.00    4.00    1.33    4.00    4.00    0.00    0.00    2.66    0.00    0.00
    0.40    0.40    1.55    1.55    4.44    5.60    5.60    4.44    4.44    1.55    0.40
    1.50    1.50    0.83    0.83   -0.83   -1.50   -1.50   -0.83   -0.83    0.83    1.50

-------------------
Frame 23
-------------------
L

    0.00    4.00    4.00    1.33    1.33    0.00    0.00
    5.67    5.67    4.49    4.49    0.33    0.33    5.67
    1.36    1.36    0.76    0.76   -1.36   -1.36    1.36

U

    3.49    0.51    0.51    1.51    1.51    2.50    2.50    3.49    3.49
    0.00    0.00    6.00    6.00    1.33    1.33    6.00    6.00    0.00
   -1.34    1.34    1.34    0.44    0.44   -0.45   -0.45   -1.34   -1.34

Z

    0.00    4.00    4.00    1.33    4.00    4.00    0.00    0.00    2.66    0.00    0.00
    0.10    0.10    1.39    1.39    4.60    5.90    5.90    4.60    4.60    1.39    0.10
    0.78    0.78    0.43    0.43   -0.43   -0.78   -0.78   -0.43   -0.43    0.43    0.78

-------------------
Frame 24
-------------------
L

    0.00    4.00    4.00    1.33    1.33    0.00    0.00
    5.43    5.43    4.35    4.35    0.57    0.57    5.43
    1.76    1.76    0.98    0.98   -1.76   -1.76    1.76

U

    3.62    0.38    0.38    1.47    1.47    2.54    2.54    3.62    3.62
    0.00    0.00    6.00    6.00    1.33    1.33    6.00    6.00    0.00
   -1.18    1.18    1.18    0.39    0.39   -0.39   -0.39   -1.18   -1.18

Z

    0.00    4.00    4.00    1.33    4.00    4.00    0.00    0.00    2.66    0.00    0.00
    0.00    0.00    1.33    1.33    4.66    6.00    6.00    4.66    4.66    1.33    0.00
    0.00    0.00    0.00    0.00   -0.00   -0.00   -0.00   -0.00   -0.00    0.00    0.00

-------------------
Frame 25
-------------------
L

    0.00    4.00    4.00    1.33    1.33    0.00    0.00
    5.12    5.12    4.18    4.18    0.88    0.88    5.12
    2.12    2.12    1.18    1.18   -2.12   -2.12    2.12

U

    3.73    0.27    0.27    1.43    1.43    2.58    2.58    3.73    3.73
    0.00    0.00    6.00    6.00    1.33    1.33    6.00    6.00    0.00
   -1.00    1.00    1.00    0.33    0.33   -0.33   -0.33   -1.00   -1.00

Z

    0.00    4.00    4.00    1.33    4.00    4.00    0.00    0.00    2.66    0.00    0.00
    0.10    0.10    1.39    1.39    4.60    5.90    5.90    4.60    4.60    1.39    0.10
   -0.78   -0.78   -0.43   -0.43    0.43    0.78    0.78    0.43    0.43   -0.43   -0.78

-------------------
Frame 26
-------------------
L

    0.00    4.00    4.00    1.33    1.33    0.00    0.00
    4.76    4.76    3.98    3.98    1.24    1.24    4.76
    2.43    2.43    1.35    1.35   -2.43   -2.43    2.43

U

    3.83    0.17    0.17    1.40    1.40    2.61    2.61    3.83    3.83
    0.00    0.00    6.00    6.00    1.33    1.33    6.00    6.00    0.00
   -0.81    0.81    0.81    0.27    0.27   -0.27   -0.27   -0.81   -0.81

Z

    0.00    4.00    4.00    1.33    4.00    4.00    0.00    0.00    2.66    0.00    0.00
    0.40    0.40    1.55    1.55    4.44    5.60    5.60    4.44    4.44    1.55    0.40
   -1.50   -1.50   -0.83   -0.83    0.83    1.50    1.50    0.83    0.83   -0.83   -1.50

-------------------
Frame 27
-------------------
L

    0.00    4.00    4.00    1.33    1.33    0.00    0.00
    4.36    4.36    3.76    3.76    1.64    1.64    4.36
    2.67    2.67    1.49    1.49   -2.67   -2.67    2.67

U

    3.90    0.10    0.10    1.37    1.37    2.64    2.64    3.90    3.90
    0.00    0.00    6.00    6.00    1.33    1.33    6.00    6.00    0.00
   -0.62    0.62    0.62    0.20    0.20   -0.21   -0.21   -0.62   -0.62

Z

    0.00    4.00    4.00    1.33    4.00    4.00    0.00    0.00    2.66    0.00    0.00
    0.88    0.88    1.82    1.82    4.17    5.12    5.12    4.17    4.17    1.82    0.88
   -2.12   -2.12   -1.18   -1.18    1.17    2.12    2.12    1.17    1.17   -1.18   -2.12

-------------------
Frame 28
-------------------
L

    0.00    4.00    4.00    1.33    1.33    0.00    0.00
    3.93    3.93    3.52    3.52    2.07    2.07    3.93
    2.85    2.85    1.59    1.59   -2.85   -2.85    2.85

U

    3.96    0.04    0.04    1.35    1.35    2.66    2.66    3.96    3.96
    0.00    0.00    6.00    6.00    1.33    1.33    6.00    6.00    0.00
   -0.42    0.42    0.42    0.14    0.14   -0.14   -0.14   -0.42   -0.42

Z

    0.00    4.00    4.00    1.33    4.00    4.00    0.00    0.00    2.66    0.00    0.00
    1.50    1.50    2.16    2.16    3.83    4.50    4.50    3.83    3.83    2.16    1.50
   -2.60   -2.60   -1.45   -1.45    1.44    2.60    2.60    1.44    1.44   -1.45   -2.60

-------------------
Frame 29
-------------------
L

    0.00    4.00    4.00    1.33    1.33    0.00    0.00
    3.47    3.47    3.26    3.26    2.53    2.53    3.47
    2.96    2.96    1.65    1.65   -2.96   -2.96    2.96

U

    3.99    0.01    0.01    1.34    1.34    2.67    2.67    3.99    3.99
    0.00    0.00    6.00    6.00    1.33    1.33    6.00    6.00    0.00
   -0.21    0.21    0.21    0.07    0.07   -0.07   -0.07   -0.21   -0.21

Z

    0.00    4.00    4.00    1.33    4.00    4.00    0.00    0.00    2.66    0.00    0.00
    2.22    2.22    2.57    2.57    3.43    3.78    3.78    3.43    3.43    2.57    2.22
   -2.90   -2.90   -1.61   -1.61    1.60    2.90    2.90    1.60    1.60   -1.61   -2.90

-------------------
Frame 30
-------------------
L

    0.00    4.00    4.00    1.33    1.33    0.00    0.00
    3.00    3.00    3.00    3.00    3.00    3.00    3.00
    3.00    3.00    1.67    1.67   -3.00   -3.00    3.00

U

    4.00    0.00    0.00    1.34    1.34    2.67    2.67    4.00    4.00
    0.00    0.00    6.00    6.00    1.33    1.33    6.00    6.00    0.00
   -0.00    0.00    0.00    0.00    0.00   -0.00   -0.00   -0.00   -0.00

Z

    0.00    4.00    4.00    1.33    4.00    4.00    0.00    0.00    2.66    0.00    0.00
    3.00    3.00    3.00    3.00    3.00    3.00    3.00    3.00    3.00    3.00    3.00
   -3.00   -3.00   -1.67   -1.67    1.66    3.00    3.00    1.66    1.66   -1.67   -3.00

-------------------
Frame 31
-------------------
L

    0.00    4.00    4.00    1.33    1.33    0.00    0.00
    2.53    2.53    2.74    2.74    3.47    3.47    2.53
    2.96    2.96    1.65    1.65   -2.96   -2.96    2.96

U

    3.99    0.01    0.01    1.34    1.34    2.67    2.67    3.99    3.99
    0.00    0.00    6.00    6.00    1.33    1.33    6.00    6.00    0.00
    0.21   -0.21   -0.21   -0.07   -0.07    0.07    0.07    0.21    0.21

Z

    0.00    4.00    4.00    1.33    4.00    4.00    0.00    0.00    2.66    0.00    0.00
    3.78    3.78    3.43    3.43    2.57    2.22    2.22    2.57    2.57    3.43    3.78
   -2.90   -2.90   -1.61   -1.61    1.60    2.90    2.90    1.60    1.60   -1.61   -2.90

-------------------
Frame 32
-------------------
L

    0.00    4.00    4.00    1.33    1.33    0.00    0.00
    2.07    2.07    2.48    2.48    3.93    3.93    2.07
    2.85    2.85    1.59    1.59   -2.85   -2.85    2.85

U

    3.96    0.04    0.04    1.35    1.35    2.66    2.66    3.96    3.96
    0.00    0.00    6.00    6.00    1.33    1.33    6.00    6.00    0.00
    0.42   -0.42   -0.42   -0.14   -0.14    0.14    0.14    0.42    0.42

Z

    0.00    4.00    4.00    1.33    4.00    4.00    0.00    0.00    2.66    0.00    0.00
    4.50    4.50    3.83    3.83    2.17    1.50    1.50    2.17    2.17    3.83    4.50
   -2.60   -2.60   -1.45   -1.45    1.44    2.60    2.60    1.44    1.44   -1.45   -2.60

-------------------
Frame 33
-------------------
L

    0.00    4.00    4.00    1.33    1.33    0.00    0.00
    1.64    1.64    2.24    2.24    4.36    4.36    1.64
    2.67    2.67    1.49    1.49   -2.67   -2.67    2.67

U

    3.90    0.10    0.10    1.37    1.37    2.64    2.64    3.90    3.90
    0.00    0.00    6.00    6.00    1.33    1.33    6.00    6.00    0.00
    0.62   -0.62   -0.62   -0.20   -0.20    0.21    0.21    0.62    0.62

Z

    0.00    4.00    4.00    1.33    4.00    4.00    0.00    0.00    2.66    0.00    0.00
    5.12    5.12    4.18    4.18    1.83    0.88    0.88    1.83    1.83    4.18    5.12
   -2.12   -2.12   -1.18   -1.18    1.17    2.12    2.12    1.17    1.17   -1.18   -2.12

-------------------
Frame 34
-------------------
L

    0.00    4.00    4.00    1.33    1.33    0.00    0.00
    1.24    1.24    2.02    2.02    4.76    4.76    1.24
    2.43    2.43    1.35    1.35   -2.43   -2.43    2.43

U

    3.83    0.17    0.17    1.40    1.40    2.61    2.61    3.83    3.83
    0.00    0.00    6.00    6.00    1.33    1.33    6.00    6.00    0.00
    0.81   -0.81   -0.81   -0.27   -0.27    0.27    0.27    0.81    0.81

Z

    0.00    4.00    4.00    1.33    4.00    4.00    0.00    0.00    2.66    0.00    0.00
    5.60    5.60    4.45    4.45    1.56    0.40    0.40    1.56    1.56    4.45    5.60
   -1.50   -1.50   -0.83   -0.83    0.83    1.50    1.50    0.83    0.83   -0.83   -1.50

-------------------
Frame 35
-------------------
L

    0.00    4.00    4.00    1.33    1.33    0.00    0.00
    0.88    0.88    1.82    1.82    5.12    5.12    0.88
    2.12    2.12    1.18    1.18   -2.12   -2.12    2.12

U

    3.73    0.27    0.27    1.43    1.43    2.58    2.58    3.73    3.73
    0.00    0.00    6.00    6.00    1.33    1.33    6.00    6.00    0.00
    1.00   -1.00   -1.00   -0.33   -0.33    0.33    0.33    1.00    1.00

Z

    0.00    4.00    4.00    1.33    4.00    4.00    0.00    0.00    2.66    0.00    0.00
    5.90    5.90    4.61    4.61    1.40    0.10    0.10    1.40    1.40    4.61    5.90
   -0.78   -0.78   -0.43   -0.43    0.43    0.78    0.78    0.43    0.43   -0.43   -0.78

-------------------
Frame 36
-------------------
L

    0.00    4.00    4.00    1.33    1.33    0.00    0.00
    0.57    0.57    1.65    1.65    5.43    5.43    0.57
    1.76    1.76    0.98    0.98   -1.76   -1.76    1.76

U

    3.62    0.38    0.38    1.47    1.47    2.54    2.54    3.62    3.62
    0.00    0.00    6.00    6.00    1.33    1.33    6.00    6.00    0.00
    1.18   -1.18   -1.18   -0.39   -0.39    0.39    0.39    1.18    1.18

Z

    0.00    4.00    4.00    1.33    4.00    4.00    0.00    0.00    2.66    0.00    0.00
    6.00    6.00    4.67    4.67    1.34    0.00    0.00    1.34    1.34    4.67    6.00
   -0.00   -0.00   -0.00   -0.00    0.00    0.00    0.00    0.00    0.00   -0.00   -0.00

-------------------
Frame 37
-------------------
L

    0.00    4.00    4.00    1.33    1.33    0.00    0.00
    0.33    0.33    1.51    1.51    5.67    5.67    0.33
    1.36    1.36    0.76    0.76   -1.36   -1.36    1.36

U

    3.49    0.51    0.51    1.51    1.51    2.50    2.50    3.49    3.49
    0.00    0.00    6.00    6.00    1.33    1.33    6.00    6.00    0.00
    1.34   -1.34   -1.34   -0.44   -0.44    0.45    0.45    1.34    1.34

Z

    0.00    4.00    4.00    1.33    4.00    4.00    0.00    0.00    2.66    0.00    0.00
    5.90    5.90    4.61    4.61    1.40    0.10    0.10    1.40    1.40    4.61    5.90
    0.78    0.78    0.43    0.43   -0.43   -0.78   -0.78   -0.43   -0.43    0.43    0.78

-------------------
Frame 38
-------------------
L

    0.00    4.00    4.00    1.33    1.33    0.00    0.00
    0.15    0.15    1.41    1.41    5.85    5.85    0.15
    0.93    0.93    0.52    0.52   -0.93   -0.93    0.93

U

    3.34    0.66    0.66    1.56    1.56    2.45    2.45    3.34    3.34
    0.00    0.00    6.00    6.00    1.33    1.33    6.00    6.00    0.00
    1.49   -1.49   -1.49   -0.49   -0.49    0.50    0.50    1.49    1.49

Z

    0.00    4.00    4.00    1.33    4.00    4.00    0.00    0.00    2.66    0.00    0.00
    5.60    5.60    4.45    4.45    1.56    0.40    0.40    1.56    1.56    4.45    5.60
    1.50    1.50    0.84    0.84   -0.83   -1.50   -1.50   -0.83   -0.83    0.84    1.50

-------------------
Frame 39
-------------------
L

    0.00    4.00    4.00    1.33    1.33    0.00    0.00
    0.04    0.04    1.35    1.35    5.96    5.96    0.04
    0.47    0.47    0.26    0.26   -0.47   -0.47    0.47

U

    3.18    0.82    0.82    1.61    1.61    2.39    2.39    3.18    3.18
    0.00    0.00    6.00    6.00    1.33    1.33    6.00    6.00    0.00
    1.62   -1.62   -1.62   -0.53   -0.53    0.54    0.54    1.62    1.62

Z

    0.00    4.00    4.00    1.33    4.00    4.00    0.00    0.00    2.66    0.00    0.00
    5.12    5.12    4.18    4.18    1.83    0.88    0.88    1.83    1.83    4.18    5.12
    2.12    2.12    1.18    1.18   -1.17   -2.12   -2.12   -1.17   -1.17    1.18    2.12

-------------------
Frame 40
-------------------
L

    0.00    4.00    4.00    1.33    1.33    0.00    0.00
    0.00    0.00    1.33    1.33    6.00    6.00    0.00
    0.00    0.00    0.00    0.00   -0.00   -0.00    0.00

U

    3.00    1.00    1.00    1.67    1.67    2.34    2.34    3.00    3.00
    0.00    0.00    6.00    6.00    1.33    1.33    6.00    6.00    0.00
    1.73   -1.73   -1.73   -0.57   -0.57    0.58    0.58    1.73    1.73

Z

    0.00    4.00    4.00    1.33    4.00    4.00    0.00    0.00    2.66    0.00    0.00
    4.50    4.50    3.83    3.83    2.17    1.50    1.50    2.17    2.17    3.83    4.50
    2.60    2.60    1.45    1.45   -1.44   -2.60   -2.60   -1.44   -1.44    1.45    2.60

-------------------
Frame 41
-------------------
L

    0.00    4.00    4.00    1.33    1.33    0.00    0.00
    0.04    0.04    1.35    1.35    5.96    5.96    0.04
   -0.47   -0.47   -0.26   -0.26    0.47    0.47   -0.47

U

    2.81    1.19    1.19    1.73    1.73    2.27    2.27    2.81    2.81
    0.00    0.00    6.00    6.00    1.33    1.33    6.00    6.00    0.00
    1.83   -1.83   -1.83   -0.60   -0.60    0.61    0.61    1.83    1.83

Z

    0.00    4.00    4.00    1.33    4.00    4.00    0.00    0.00    2.66    0.00    0.00
    3.78    3.78    3.43    3.43    2.57    2.22    2.22    2.57    2.57    3.43    3.78
    2.90    2.90    1.61    1.61   -1.60   -2.90   -2.90   -1.60   -1.60    1.61    2.90

-------------------
Frame 42
-------------------
L

    0.00    4.00    4.00    1.33    1.33    0.00    0.00
    0.15    0.15    1.41    1.41    5.85    5.85    0.15
   -0.93   -0.93   -0.52   -0.52    0.93    0.93   -0.93

U

    2.62    1.38    1.38    1.80    1.80    2.21    2.21    2.62    2.62
    0.00    0.00    6.00    6.00    1.33    1.33    6.00    6.00    0.00
    1.90   -1.90   -1.90   -0.63   -0.63    0.64    0.64    1.90    1.90

Z

    0.00    4.00    4.00    1.33    4.00    4.00    0.00    0.00    2.66    0.00    0.00
    3.00    3.00    3.00    3.00    3.00    3.00    3.00    3.00    3.00    3.00    3.00
    3.00    3.00    1.67    1.67   -1.66   -3.00   -3.00   -1.66   -1.66    1.67    3.00

-------------------
Frame 43
-------------------
L

    0.00    4.00    4.00    1.33    1.33    0.00    0.00
    0.33    0.33    1.51    1.51    5.67    5.67    0.33
   -1.36   -1.36   -0.76   -0.76    1.36    1.36   -1.36

U

    2.42    1.58    1.58    1.86    1.86    2.14    2.14    2.42    2.42
    0.00    0.00    6.00    6.00    1.33    1.33    6.00    6.00    0.00
    1.96   -1.96   -1.96   -0.65   -0.65    0.66    0.66    1.96    1.96

Z

    0.00    4.00    4.00    1.33    4.00    4.00    0.00    0.00    2.66    0.00    0.00
    2.22    2.22    2.57    2.57    3.43    3.78    3.78    3.43    3.43    2.57    2.22
    2.90    2.90    1.61    1.61   -1.60   -2.90   -2.90   -1.60   -1.60    1.61    2.90

-------------------
Frame 44
-------------------
L

    0.00    4.00    4.00    1.33    1.33    0.00    0.00
    0.57    0.57    1.65    1.65    5.43    5.43    0.57
   -1.76   -1.76   -0.98   -0.98    1.76    1.76   -1.76

U

    2.21    1.79    1.79    1.93    1.93    2.07    2.07    2.21    2.21
    0.00    0.00    6.00    6.00    1.33    1.33    6.00    6.00    0.00
    1.99   -1.99   -1.99   -0.66   -0.66    0.67    0.67    1.99    1.99

Z

    0.00    4.00    4.00    1.33    4.00    4.00    0.00    0.00    2.66    0.00    0.00
    1.50    1.50    2.16    2.16    3.83    4.50    4.50    3.83    3.83    2.16    1.50
    2.60    2.60    1.45    1.45   -1.44   -2.60   -2.60   -1.44   -1.44    1.45    2.60

-------------------
Frame 45
-------------------
L

    0.00    4.00    4.00    1.33    1.33    0.00    0.00
    0.88    0.88    1.82    1.82    5.12    5.12    0.88
   -2.12   -2.12   -1.18   -1.18    2.12    2.12   -2.12

U

    2.00    2.00    2.00    2.00    2.00    2.00    2.00    2.00    2.00
    0.00    0.00    6.00    6.00    1.33    1.33    6.00    6.00    0.00
    2.00   -2.00   -2.00   -0.66   -0.66    0.67    0.67    2.00    2.00

Z

    0.00    4.00    4.00    1.33    4.00    4.00    0.00    0.00    2.66    0.00    0.00
    0.88    0.88    1.82    1.82    4.17    5.12    5.12    4.17    4.17    1.82    0.88
    2.12    2.12    1.18    1.18   -1.17   -2.12   -2.12   -1.17   -1.17    1.18    2.12

-------------------
Frame 46
-------------------
L

    0.00    4.00    4.00    1.33    1.33    0.00    0.00
    1.24    1.24    2.02    2.02    4.76    4.76    1.24
   -2.43   -2.43   -1.35   -1.35    2.43    2.43   -2.43

U

    1.79    2.21    2.21    2.07    2.07    1.93    1.93    1.79    1.79
    0.00    0.00    6.00    6.00    1.33    1.33    6.00    6.00    0.00
    1.99   -1.99   -1.99   -0.66   -0.66    0.67    0.67    1.99    1.99

Z

    0.00    4.00    4.00    1.33    4.00    4.00    0.00    0.00    2.66    0.00    0.00
    0.40    0.40    1.55    1.55    4.44    5.60    5.60    4.44    4.44    1.55    0.40
    1.50    1.50    0.83    0.83   -0.83   -1.50   -1.50   -0.83   -0.83    0.83    1.50

-------------------
Frame 47
-------------------
L

    0.00    4.00    4.00    1.33    1.33    0.00    0.00
    1.64    1.64    2.24    2.24    4.36    4.36    1.64
   -2.67   -2.67   -1.49   -1.49    2.67    2.67   -2.67

U

    1.58    2.42    2.42    2.14    2.14    1.86    1.86    1.58    1.58
    0.00    0.00    6.00    6.00    1.33    1.33    6.00    6.00    0.00
    1.96   -1.96   -1.96   -0.65   -0.65    0.66    0.66    1.96    1.96

Z

    0.00    4.00    4.00    1.33    4.00    4.00    0.00    0.00    2.66    0.00    0.00
    0.10    0.10    1.39    1.39    4.60    5.90    5.90    4.60    4.60    1.39    0.10
    0.78    0.78    0.43    0.43   -0.43   -0.78   -0.78   -0.43   -0.43    0.43    0.78

-------------------
Frame 48
-------------------
L

    0.00    4.00    4.00    1.33    1.33    0.00    0.00
    2.07    2.07    2.48    2.48    3.93    3.93    2.07
   -2.85   -2.85   -1.59   -1.59    2.85    2.85   -2.85

U

    1.38    2.62    2.62    2.20    2.20    1.79    1.79    1.38    1.38
    0.00    0.00    6.00    6.00    1.33    1.33    6.00    6.00    0.00
    1.90   -1.90   -1.90   -0.63   -0.63    0.64    0.64    1.90    1.90

Z

    0.00    4.00    4.00    1.33    4.00    4.00    0.00    0.00    2.66    0.00    0.00
    0.00    0.00    1.33    1.33    4.66    6.00    6.00    4.66    4.66    1.33    0.00
    0.00    0.00    0.00    0.00   -0.00   -0.00   -0.00   -0.00   -0.00    0.00    0.00

-------------------
Frame 49
-------------------
L

    0.00    4.00    4.00    1.33    1.33    0.00    0.00
    2.53    2.53    2.74    2.74    3.47    3.47    2.53
   -2.96   -2.96   -1.65   -1.65    2.96    2.96   -2.96

U

    1.19    2.81    2.81    2.27    2.27    1.73    1.73    1.19    1.19
    0.00    0.00    6.00    6.00    1.33    1.33    6.00    6.00    0.00
    1.83   -1.83   -1.83   -0.60   -0.60    0.61    0.61    1.83    1.83

Z

    0.00    4.00    4.00    1.33    4.00    4.00    0.00    0.00    2.66    0.00    0.00
    0.10    0.10    1.39    1.39    4.60    5.90    5.90    4.60    4.60    1.39    0.10
   -0.78   -0.78   -0.43   -0.43    0.43    0.78    0.78    0.43    0.43   -0.43   -0.78

-------------------
Frame 50
-------------------
L

    0.00    4.00    4.00    1.33    1.33    0.00    0.00
    3.00    3.00    3.00    3.00    3.00    3.00    3.00
   -3.00   -3.00   -1.67   -1.67    3.00    3.00   -3.00

U

    1.00    3.00    3.00    2.33    2.33    1.66    1.66    1.00    1.00
    0.00    0.00    6.00    6.00    1.33    1.33    6.00    6.00    0.00
    1.73   -1.73   -1.73   -0.57   -0.57    0.58    0.58    1.73    1.73

Z

    0.00    4.00    4.00    1.33    4.00    4.00    0.00    0.00    2.66    0.00    0.00
    0.40    0.40    1.55    1.55    4.44    5.60    5.60    4.44    4.44    1.55    0.40
   -1.50   -1.50   -0.83   -0.83    0.83    1.50    1.50    0.83    0.83   -0.83   -1.50

-------------------
Frame 51
-------------------
L

    0.00    4.00    4.00    1.33    1.33    0.00    0.00
    3.47    3.47    3.26    3.26    2.53    2.53    3.47
   -2.96   -2.96   -1.65   -1.65    2.96    2.96   -2.96

U

    0.82    3.18    3.18    2.39    2.39    1.61    1.61    0.82    0.82
    0.00    0.00    6.00    6.00    1.33    1.33    6.00    6.00    0.00
    1.62   -1.62   -1.62   -0.53   -0.53    0.54    0.54    1.62    1.62

Z

    0.00    4.00    4.00    1.33    4.00    4.00    0.00    0.00    2.66    0.00    0.00
    0.88    0.88    1.82    1.82    4.17    5.12    5.12    4.17    4.17    1.82    0.88
   -2.12   -2.12   -1.18   -1.18    1.17    2.12    2.12    1.17    1.17   -1.18   -2.12

-------------------
Frame 52
-------------------
L

    0.00    4.00    4.00    1.33    1.33    0.00    0.00
    3.93    3.93    3.52    3.52    2.07    2.07    3.93
   -2.85   -2.85   -1.59   -1.59    2.85    2.85   -2.85

U

    0.66    3.34    3.34    2.44    2.44    1.55    1.55    0.66    0.66
    0.00    0.00    6.00    6.00    1.33    1.33    6.00    6.00    0.00
    1.49   -1.49   -1.49   -0.49   -0.49    0.50    0.50    1.49    1.49

Z

    0.00    4.00    4.00    1.33    4.00    4.00    0.00    0.00    2.66    0.00    0.00
    1.50    1.50    2.16    2.16    3.83    4.50    4.50    3.83    3.83    2.16    1.50
   -2.60   -2.60   -1.45   -1.45    1.44    2.60    2.60    1.44    1.44   -1.45   -2.60

-------------------
Frame 53
-------------------
L

    0.00    4.00    4.00    1.33    1.33    0.00    0.00
    4.36    4.36    3.76    3.76    1.64    1.64    4.36
   -2.67   -2.67   -1.49   -1.49    2.67    2.67   -2.67

U

    0.51    3.49    3.49    2.49    2.49    1.50    1.50    0.51    0.51
    0.00    0.00    6.00    6.00    1.33    1.33    6.00    6.00    0.00
    1.34   -1.34   -1.34   -0.44   -0.44    0.45    0.45    1.34    1.34

Z

    0.00    4.00    4.00    1.33    4.00    4.00    0.00    0.00    2.66    0.00    0.00
    2.22    2.22    2.57    2.57    3.43    3.78    3.78    3.43    3.43    2.57    2.22
   -2.90   -2.90   -1.61   -1.61    1.60    2.90    2.90    1.60    1.60   -1.61   -2.90

-------------------
Frame 54
-------------------
L

    0.00    4.00    4.00    1.33    1.33    0.00    0.00
    4.76    4.76    3.98    3.98    1.24    1.24    4.76
   -2.43   -2.43   -1.35   -1.35    2.43    2.43   -2.43

U

    0.38    3.62    3.62    2.53    2.53    1.46    1.46    0.38    0.38
    0.00    0.00    6.00    6.00    1.33    1.33    6.00    6.00    0.00
    1.18   -1.18   -1.18   -0.39   -0.39    0.39    0.39    1.18    1.18

Z

    0.00    4.00    4.00    1.33    4.00    4.00    0.00    0.00    2.66    0.00    0.00
    3.00    3.00    3.00    3.00    3.00    3.00    3.00    3.00    3.00    3.00    3.00
   -3.00   -3.00   -1.67   -1.67    1.66    3.00    3.00    1.66    1.66   -1.67   -3.00

-------------------
Frame 55
-------------------
L

    0.00    4.00    4.00    1.33    1.33    0.00    0.00
    5.12    5.12    4.18    4.18    0.88    0.88    5.12
   -2.12   -2.12   -1.18   -1.18    2.12    2.12   -2.12

U

    0.27    3.73    3.73    2.57    2.57    1.42    1.42    0.27    0.27
    0.00    0.00    6.00    6.00    1.33    1.33    6.00    6.00    0.00
    1.00   -1.00   -1.00   -0.33   -0.33    0.33    0.33    1.00    1.00

Z

    0.00    4.00    4.00    1.33    4.00    4.00    0.00    0.00    2.66    0.00    0.00
    3.78    3.78    3.43    3.43    2.57    2.22    2.22    2.57    2.57    3.43    3.78
   -2.90   -2.90   -1.61   -1.61    1.60    2.90    2.90    1.60    1.60   -1.61   -2.90

-------------------
Frame 56
-------------------
L

    0.00    4.00    4.00    1.33    1.33    0.00    0.00
    5.43    5.43    4.35    4.35    0.57    0.57    5.43
   -1.76   -1.76   -0.98   -0.98    1.76    1.76   -1.76

U

    0.17    3.83    3.83    2.60    2.60    1.39    1.39    0.17    0.17
    0.00    0.00    6.00    6.00    1.33    1.33    6.00    6.00    0.00
    0.81   -0.81   -0.81   -0.27   -0.27    0.27    0.27    0.81    0.81

Z

    0.00    4.00    4.00    1.33    4.00    4.00    0.00    0.00    2.66    0.00    0.00
    4.50    4.50    3.83    3.83    2.17    1.50    1.50    2.17    2.17    3.83    4.50
   -2.60   -2.60   -1.45   -1.45    1.44    2.60    2.60    1.44    1.44   -1.45   -2.60

-------------------
Frame 57
-------------------
L

    0.00    4.00    4.00    1.33    1.33    0.00    0.00
    5.67    5.67    4.49    4.49    0.33    0.33    5.67
   -1.36   -1.36   -0.76   -0.76    1.36    1.36   -1.36

U

    0.10    3.90    3.90    2.63    2.63    1.36    1.36    0.10    0.10
    0.00    0.00    6.00    6.00    1.33    1.33    6.00    6.00    0.00
    0.62   -0.62   -0.62   -0.20   -0.20    0.21    0.21    0.62    0.62

Z

    0.00    4.00    4.00    1.33    4.00    4.00    0.00    0.00    2.66    0.00    0.00
    5.12    5.12    4.18    4.18    1.83    0.88    0.88    1.83    1.83    4.18    5.12
   -2.12   -2.12   -1.18   -1.18    1.17    2.12    2.12    1.17    1.17   -1.18   -2.12

-------------------
Frame 58
-------------------
L

    0.00    4.00    4.00    1.33    1.33    0.00    0.00
    5.85    5.85    4.59    4.59    0.15    0.15    5.85
   -0.93   -0.93   -0.52   -0.52    0.93    0.93   -0.93

U

    0.04    3.96    3.96    2.65    2.65    1.34    1.34    0.04    0.04
    0.00    0.00    6.00    6.00    1.33    1.33    6.00    6.00    0.00
    0.42   -0.42   -0.42   -0.14   -0.14    0.14    0.14    0.42    0.42

Z

    0.00    4.00    4.00    1.33    4.00    4.00    0.00    0.00    2.66    0.00    0.00
    5.60    5.60    4.45    4.45    1.56    0.40    0.40    1.56    1.56    4.45    5.60
   -1.50   -1.50   -0.84   -0.84    0.83    1.50    1.50    0.83    0.83   -0.84   -1.50

-------------------
Frame 59
-------------------
L

    0.00    4.00    4.00    1.33    1.33    0.00    0.00
    5.96    5.96    4.65    4.65    0.04    0.04    5.96
   -0.47   -0.47   -0.26   -0.26    0.47    0.47   -0.47

U

    0.01    3.99    3.99    2.66    2.66    1.33    1.33    0.01    0.01
    0.00    0.00    6.00    6.00    1.33    1.33    6.00    6.00    0.00
    0.21   -0.21   -0.21   -0.07   -0.07    0.07    0.07    0.21    0.21

Z

    0.00    4.00    4.00    1.33    4.00    4.00    0.00    0.00    2.66    0.00    0.00
    5.90    5.90    4.61    4.61    1.40    0.10    0.10    1.40    1.40    4.61    5.90
   -0.78   -0.78   -0.43   -0.43    0.43    0.78    0.78    0.43    0.43   -0.43   -0.78

-------------------
Frame 60
-------------------
L

    0.00    4.00    4.00    1.33    1.33    0.00    0.00
    6.00    6.00    4.67    4.67    0.00    0.00    6.00
   -0.00   -0.00   -0.00   -0.00    0.00    0.00   -0.00

U

    0.00    4.00    4.00    2.66    2.66    1.33    1.33    0.00    0.00
    0.00    0.00    6.00    6.00    1.33    1.33    6.00    6.00    0.00
    0.00   -0.00   -0.00   -0.00   -0.00    0.00    0.00    0.00    0.00

Z

    0.00    4.00    4.00    1.33    4.00    4.00    0.00    0.00    2.66    0.00    0.00
    6.00    6.00    4.67    4.67    1.34    0.00    0.00    1.34    1.34    4.67    6.00
   -0.00   -0.00   -0.00   -0.00    0.00    0.00    0.00    0.00    0.00   -0.00   -0.00

-------------------
Frame 61
-------------------
L

    0.00    4.00    4.00    1.33    1.33    0.00    0.00
    5.96    5.96    4.65    4.65    0.04    0.04    5.96
    0.47    0.47    0.26    0.26   -0.47   -0.47    0.47

U

    0.01    3.99    3.99    2.66    2.66    1.33    1.33    0.01    0.01
    0.00    0.00    6.00    6.00    1.33    1.33    6.00    6.00    0.00
   -0.21    0.21    0.21    0.07    0.07   -0.07   -0.07   -0.21   -0.21

Z

    0.00    4.00    4.00    1.33    4.00    4.00    0.00    0.00    2.66    0.00    0.00
    5.90    5.90    4.61    4.61    1.40    0.10    0.10    1.40    1.40    4.61    5.90
    0.78    0.78    0.43    0.43   -0.43   -0.78   -0.78   -0.43   -0.43    0.43    0.78

-------------------
Frame 62
-------------------
L

    0.00    4.00    4.00    1.33    1.33    0.00    0.00
    5.85    5.85    4.59    4.59    0.15    0.15    5.85
    0.93    0.93    0.52    0.52   -0.93   -0.93    0.93

U

    0.04    3.96    3.96    2.65    2.65    1.34    1.34    0.04    0.04
    0.00    0.00    6.00    6.00    1.33    1.33    6.00    6.00    0.00
   -0.42    0.42    0.42    0.14    0.14   -0.14   -0.14   -0.42   -0.42

Z

    0.00    4.00    4.00    1.33    4.00    4.00    0.00    0.00    2.66    0.00    0.00
    5.60    5.60    4.45    4.45    1.56    0.40    0.40    1.56    1.56    4.45    5.60
    1.50    1.50    0.83    0.83   -0.83   -1.50   -1.50   -0.83   -0.83    0.83    1.50

-------------------
Frame 63
-------------------
L

    0.00    4.00    4.00    1.33    1.33    0.00    0.00
    5.67    5.67    4.49    4.49    0.33    0.33    5.67
    1.36    1.36    0.76    0.76   -1.36   -1.36    1.36

U

    0.10    3.90    3.90    2.63    2.63    1.36    1.36    0.10    0.10
    0.00    0.00    6.00    6.00    1.33    1.33    6.00    6.00    0.00
   -0.62    0.62    0.62    0.20    0.20   -0.21   -0.21   -0.62   -0.62

Z

    0.00    4.00    4.00    1.33    4.00    4.00    0.00    0.00    2.66    0.00    0.00
    5.12    5.12    4.18    4.18    1.83    0.88    0.88    1.83    1.83    4.18    5.12
    2.12    2.12    1.18    1.18   -1.17   -2.12   -2.12   -1.17   -1.17    1.18    2.12

-------------------
Frame 64
-------------------
L

    0.00    4.00    4.00    1.33    1.33    0.00    0.00
    5.43    5.43    4.35    4.35    0.57    0.57    5.43
    1.76    1.76    0.98    0.98   -1.76   -1.76    1.76

U

    0.17    3.83    3.83    2.60    2.60    1.39    1.39    0.17    0.17
    0.00    0.00    6.00    6.00    1.33    1.33    6.00    6.00    0.00
   -0.81    0.81    0.81    0.27    0.27   -0.27   -0.27   -0.81   -0.81

Z

    0.00    4.00    4.00    1.33    4.00    4.00    0.00    0.00    2.66    0.00    0.00
    4.50    4.50    3.84    3.84    2.17    1.50    1.50    2.17    2.17    3.84    4.50
    2.60    2.60    1.45    1.45   -1.44   -2.60   -2.60   -1.44   -1.44    1.45    2.60

-------------------
Frame 65
-------------------
L

    0.00    4.00    4.00    1.33    1.33    0.00    0.00
    5.12    5.12    4.18    4.18    0.88    0.88    5.12
    2.12    2.12    1.18    1.18   -2.12   -2.12    2.12

U

    0.27    3.73    3.73    2.57    2.57    1.42    1.42    0.27    0.27
    0.00    0.00    6.00    6.00    1.33    1.33    6.00    6.00    0.00
   -1.00    1.00    1.00    0.33    0.33   -0.33   -0.33   -1.00   -1.00

Z

    0.00    4.00    4.00    1.33    4.00    4.00    0.00    0.00    2.66    0.00    0.00
    3.78    3.78    3.43    3.43    2.57    2.22    2.22    2.57    2.57    3.43    3.78
    2.90    2.90    1.61    1.61   -1.60   -2.90   -2.90   -1.60   -1.60    1.61    2.90

-------------------
Frame 66
-------------------
L

    0.00    4.00    4.00    1.33    1.33    0.00    0.00
    4.76    4.76    3.98    3.98    1.24    1.24    4.76
    2.43    2.43    1.35    1.35   -2.43   -2.43    2.43

U

    0.38    3.62    3.62    2.53    2.53    1.46    1.46    0.38    0.38
    0.00    0.00    6.00    6.00    1.33    1.33    6.00    6.00    0.00
   -1.18    1.18    1.18    0.39    0.39   -0.39   -0.39   -1.18   -1.18

Z

    0.00    4.00    4.00    1.33    4.00    4.00    0.00    0.00    2.66    0.00    0.00
    3.00    3.00    3.00    3.00    3.00    3.00    3.00    3.00    3.00    3.00    3.00
    3.00    3.00    1.67    1.67   -1.66   -3.00   -3.00   -1.66   -1.66    1.67    3.00

-------------------
Frame 67
-------------------
L

    0.00    4.00    4.00    1.33    1.33    0.00    0.00
    4.36    4.36    3.76    3.76    1.64    1.64    4.36
    2.67    2.67    1.49    1.49   -2.67   -2.67    2.67

U

    0.51    3.49    3.49    2.49    2.49    1.50    1.50    0.51    0.51
    0.00    0.00    6.00    6.00    1.33    1.33    6.00    6.00    0.00
   -1.34    1.34    1.34    0.44    0.44   -0.45   -0.45   -1.34   -1.34

Z

    0.00    4.00    4.00    1.33    4.00    4.00    0.00    0.00    2.66    0.00    0.00
    2.22    2.22    2.57    2.57    3.43    3.78    3.78    3.43    3.43    2.57    2.22
    2.90    2.90    1.61    1.61   -1.60   -2.90   -2.90   -1.60   -1.60    1.61    2.90

-------------------
Frame 68
-------------------
L

    0.00    4.00    4.00    1.33    1.33    0.00    0.00
    3.93    3.93    3.52    3.52    2.07    2.07    3.93
    2.85    2.85    1.59    1.59   -2.85   -2.85    2.85

U

    0.66    3.34    3.34    2.44    2.44    1.55    1.55    0.66    0.66
    0.00    0.00    6.00    6.00    1.33    1.33    6.00    6.00    0.00
   -1.49    1.49    1.49    0.49    0.49   -0.50   -0.50   -1.49   -1.49

Z

    0.00    4.00    4.00    1.33    4.00    4.00    0.00    0.00    2.66    0.00    0.00
    1.50    1.50    2.16    2.16    3.83    4.50    4.50    3.83    3.83    2.16    1.50
    2.60    2.60    1.45    1.45   -1.44   -2.60   -2.60   -1.44   -1.44    1.45    2.60

-------------------
Frame 69
-------------------
L

    0.00    4.00    4.00    1.33    1.33    0.00    0.00
    3.47    3.47    3.26    3.26    2.53    2.53    3.47
    2.96    2.96    1.65    1.65   -2.96   -2.96    2.96

U

    0.82    3.18    3.18    2.39    2.39    1.61    1.61    0.82    0.82
    0.00    0.00    6.00    6.00    1.33    1.33    6.00    6.00    0.00
   -1.62    1.62    1.62    0.53    0.53   -0.54   -0.54   -1.62   -1.62

Z

    0.00    4.00    4.00    1.33    4.00    4.00    0.00    0.00    2.66    0.00    0.00
    0.88    0.88    1.82    1.82    4.17    5.12    5.12    4.17    4.17    1.82    0.88
    2.12    2.12    1.18    1.18   -1.17   -2.12   -2.12   -1.17   -1.17    1.18    2.12

-------------------
Frame 70
-------------------
L

    0.00    4.00    4.00    1.33    1.33    0.00    0.00
    3.00    3.00    3.00    3.00    3.00    3.00    3.00
    3.00    3.00    1.67    1.67   -3.00   -3.00    3.00

U

    1.00    3.00    3.00    2.33    2.33    1.66    1.66    1.00    1.00
    0.00    0.00    6.00    6.00    1.33    1.33    6.00    6.00    0.00
   -1.73    1.73    1.73    0.57    0.57   -0.58   -0.58   -1.73   -1.73

Z

    0.00    4.00    4.00    1.33    4.00    4.00    0.00    0.00    2.66    0.00    0.00
    0.40    0.40    1.55    1.55    4.44    5.60    5.60    4.44    4.44    1.55    0.40
    1.50    1.50    0.84    0.84   -0.83   -1.50   -1.50   -0.83   -0.83    0.84    1.50

-------------------
Frame 71
-------------------
L

    0.00    4.00    4.00    1.33    1.33    0.00    0.00
    2.53    2.53    2.74    2.74    3.47    3.47    2.53
    2.96    2.96    1.65    1.65   -2.96   -2.96    2.96

U

    1.19    2.81    2.81    2.27    2.27    1.73    1.73    1.19    1.19
    0.00    0.00    6.00    6.00    1.33    1.33    6.00    6.00    0.00
   -1.83    1.83    1.83    0.60    0.60   -0.61   -0.61   -1.83   -1.83

Z

    0.00    4.00    4.00    1.33    4.00    4.00    0.00    0.00    2.66    0.00    0.00
    0.10    0.10    1.39    1.39    4.60    5.90    5.90    4.60    4.60    1.39    0.10
    0.78    0.78    0.43    0.43   -0.43   -0.78   -0.78   -0.43   -0.43    0.43    0.78

-------------------
Frame 72
-------------------
L

    0.00    4.00    4.00    1.33    1.33    0.00    0.00
    2.07    2.07    2.48    2.48    3.93    3.93    2.07
    2.85    2.85    1.59    1.59   -2.85   -2.85    2.85

U

    1.38    2.62    2.62    2.20    2.20    1.79    1.79    1.38    1.38
    0.00    0.00    6.00    6.00    1.33    1.33    6.00    6.00    0.00
   -1.90    1.90    1.90    0.63    0.63   -0.64   -0.64   -1.90   -1.90

Z

    0.00    4.00    4.00    1.33    4.00    4.00    0.00    0.00    2.66    0.00    0.00
    0.00    0.00    1.33    1.33    4.66    6.00    6.00    4.66    4.66    1.33    0.00
    0.00    0.00    0.00    0.00   -0.00   -0.00   -0.00   -0.00   -0.00    0.00    0.00

-------------------
Frame 73
-------------------
L

    0.00    4.00    4.00    1.33    1.33    0.00    0.00
    1.64    1.64    2.24    2.24    4.36    4.36    1.64
    2.67    2.67    1.49    1.49   -2.67   -2.67    2.67

U

    1.58    2.42    2.42    2.14    2.14    1.86    1.86    1.58    1.58
    0.00    0.00    6.00    6.00    1.33    1.33    6.00    6.00    0.00
   -1.96    1.96    1.96    0.65    0.65   -0.66   -0.66   -1.96   -1.96

Z

    0.00    4.00    4.00    1.33    4.00    4.00    0.00    0.00    2.66    0.00    0.00
    0.10    0.10    1.39    1.39    4.60    5.90    5.90    4.60    4.60    1.39    0.10
   -0.78   -0.78   -0.43   -0.43    0.43    0.78    0.78    0.43    0.43   -0.43   -0.78

-------------------
Frame 74
-------------------
L

    0.00    4.00    4.00    1.33    1.33    0.00    0.00
    1.24    1.24    2.02    2.02    4.76    4.76    1.24
    2.43    2.43    1.35    1.35   -2.43   -2.43    2.43

U

    1.79    2.21    2.21    2.07    2.07    1.93    1.93    1.79    1.79
    0.00    0.00    6.00    6.00    1.33    1.33    6.00    6.00    0.00
   -1.99    1.99    1.99    0.66    0.66   -0.67   -0.67   -1.99   -1.99

Z

    0.00    4.00    4.00    1.33    4.00    4.00    0.00    0.00    2.66    0.00    0.00
    0.40    0.40    1.55    1.55    4.44    5.60    5.60    4.44    4.44    1.55    0.40
   -1.50   -1.50   -0.83   -0.83    0.83    1.50    1.50    0.83    0.83   -0.83   -1.50

-------------------
Frame 75
-------------------
L

    0.00    4.00    4.00    1.33    1.33    0.00    0.00
    0.88    0.88    1.82    1.82    5.12    5.12    0.88
    2.12    2.12    1.18    1.18   -2.12   -2.12    2.12

U

    2.00    2.00    2.00    2.00    2.00    2.00    2.00    2.00    2.00
    0.00    0.00    6.00    6.00    1.33    1.33    6.00    6.00    0.00
   -2.00    2.00    2.00    0.66    0.66   -0.67   -0.67   -2.00   -2.00

Z

    0.00    4.00    4.00    1.33    4.00    4.00    0.00    0.00    2.66    0.00    0.00
    0.88    0.88    1.82    1.82    4.17    5.12    5.12    4.17    4.17    1.82    0.88
   -2.12   -2.12   -1.18   -1.18    1.17    2.12    2.12    1.17    1.17   -1.18   -2.12

-------------------
Frame 76
-------------------
L

    0.00    4.00    4.00    1.33    1.33    0.00    0.00
    0.57    0.57    1.65    1.65    5.43    5.43    0.57
    1.76    1.76    0.98    0.98   -1.76   -1.76    1.76

U

    2.21    1.79    1.79    1.93    1.93    2.07    2.07    2.21    2.21
    0.00    0.00    6.00    6.00    1.33    1.33    6.00    6.00    0.00
   -1.99    1.99    1.99    0.66    0.66   -0.67   -0.67   -1.99   -1.99

Z

    0.00    4.00    4.00    1.33    4.00    4.00    0.00    0.00    2.66    0.00    0.00
    1.50    1.50    2.17    2.17    3.83    4.50    4.50    3.83    3.83    2.17    1.50
   -2.60   -2.60   -1.45   -1.45    1.44    2.60    2.60    1.44    1.44   -1.45   -2.60

-------------------
Frame 77
-------------------
L

    0.00    4.00    4.00    1.33    1.33    0.00    0.00
    0.33    0.33    1.51    1.51    5.67    5.67    0.33
    1.36    1.36    0.76    0.76   -1.36   -1.36    1.36

U

    2.42    1.58    1.58    1.86    1.86    2.14    2.14    2.42    2.42
    0.00    0.00    6.00    6.00    1.33    1.33    6.00    6.00    0.00
   -1.96    1.96    1.96    0.65    0.65   -0.66   -0.66   -1.96   -1.96

Z

    0.00    4.00    4.00    1.33    4.00    4.00    0.00    0.00    2.66    0.00    0.00
    2.22    2.22    2.57    2.57    3.43    3.78    3.78    3.43    3.43    2.57    2.22
   -2.90   -2.90   -1.61   -1.61    1.60    2.90    2.90    1.60    1.60   -1.61   -2.90

-------------------
Frame 78
-------------------
L

    0.00    4.00    4.00    1.33    1.33    0.00    0.00
    0.15    0.15    1.41    1.41    5.85    5.85    0.15
    0.93    0.93    0.52    0.52   -0.93   -0.93    0.93

U

    2.62    1.38    1.38    1.80    1.80    2.21    2.21    2.62    2.62
    0.00    0.00    6.00    6.00    1.33    1.33    6.00    6.00    0.00
   -1.90    1.90    1.90    0.63    0.63   -0.64   -0.64   -1.90   -1.90

Z

    0.00    4.00    4.00    1.33    4.00    4.00    0.00    0.00    2.66    0.00    0.00
    3.00    3.00    3.00    3.00    3.00    3.00    3.00    3.00    3.00    3.00    3.00
   -3.00   -3.00   -1.67   -1.67    1.66    3.00    3.00    1.66    1.66   -1.67   -3.00

-------------------
Frame 79
-------------------
L

    0.00    4.00    4.00    1.33    1.33    0.00    0.00
    0.04    0.04    1.35    1.35    5.96    5.96    0.04
    0.47    0.47    0.26    0.26   -0.47   -0.47    0.47

U

    2.81    1.19    1.19    1.73    1.73    2.27    2.27    2.81    2.81
    0.00    0.00    6.00    6.00    1.33    1.33    6.00    6.00    0.00
   -1.83    1.83    1.83    0.60    0.60   -0.61   -0.61   -1.83   -1.83

Z

    0.00    4.00    4.00    1.33    4.00    4.00    0.00    0.00    2.66    0.00    0.00
    3.78    3.78    3.43    3.43    2.57    2.22    2.22    2.57    2.57    3.43    3.78
   -2.90   -2.90   -1.61   -1.61    1.60    2.90    2.90    1.60    1.60   -1.61   -2.90

-------------------
Frame 80
-------------------
L

    0.00    4.00    4.00    1.33    1.33    0.00    0.00
    0.00    0.00    1.33    1.33    6.00    6.00    0.00
    0.00    0.00    0.00    0.00   -0.00   -0.00    0.00

U

    3.00    1.00    1.00    1.67    1.67    2.33    2.33    3.00    3.00
    0.00    0.00    6.00    6.00    1.33    1.33    6.00    6.00    0.00
   -1.73    1.73    1.73    0.57    0.57   -0.58   -0.58   -1.73   -1.73

Z

    0.00    4.00    4.00    1.33    4.00    4.00    0.00    0.00    2.66    0.00    0.00
    4.50    4.50    3.84    3.84    2.17    1.50    1.50    2.17    2.17    3.84    4.50
   -2.60   -2.60   -1.45   -1.45    1.44    2.60    2.60    1.44    1.44   -1.45   -2.60

-------------------
Frame 81
-------------------
L

    0.00    4.00    4.00    1.33    1.33    0.00    0.00
    0.04    0.04    1.35    1.35    5.96    5.96    0.04
   -0.47   -0.47   -0.26   -0.26    0.47    0.47   -0.47

U

    3.18    0.82    0.82    1.61    1.61    2.39    2.39    3.18    3.18
    0.00    0.00    6.00    6.00    1.33    1.33    6.00    6.00    0.00
   -1.62    1.62    1.62    0.53    0.53   -0.54   -0.54   -1.62   -1.62

Z

    0.00    4.00    4.00    1.33    4.00    4.00    0.00    0.00    2.66    0.00    0.00
    5.12    5.12    4.18    4.18    1.83    0.88    0.88    1.83    1.83    4.18    5.12
   -2.12   -2.12   -1.18   -1.18    1.17    2.12    2.12    1.17    1.17   -1.18   -2.12

-------------------
Frame 82
-------------------
L

    0.00    4.00    4.00    1.33    1.33    0.00    0.00
    0.15    0.15    1.41    1.41    5.85    5.85    0.15
   -0.93   -0.93   -0.52   -0.52    0.93    0.93   -0.93

U

    3.34    0.66    0.66    1.56    1.56    2.45    2.45    3.34    3.34
    0.00    0.00    6.00    6.00    1.33    1.33    6.00    6.00    0.00
   -1.49    1.49    1.49    0.49    0.49   -0.50   -0.50   -1.49   -1.49

Z

    0.00    4.00    4.00    1.33    4.00    4.00    0.00    0.00    2.66    0.00    0.00
    5.60    5.60    4.45    4.45    1.56    0.40    0.40    1.56    1.56    4.45    5.60
   -1.50   -1.50   -0.84   -0.84    0.83    1.50    1.50    0.83    0.83   -0.84   -1.50

-------------------
Frame 83
-------------------
L

    0.00    4.00    4.00    1.33    1.33    0.00    0.00
    0.33    0.33    1.51    1.51    5.67    5.67    0.33
   -1.36   -1.36   -0.76   -0.76    1.36    1.36   -1.36

U

    3.49    0.51    0.51    1.51    1.51    2.50    2.50    3.49    3.49
    0.00    0.00    6.00    6.00    1.33    1.33    6.00    6.00    0.00
   -1.34    1.34    1.34    0.44    0.44   -0.45   -0.45   -1.34   -1.34

Z

    0.00    4.00    4.00    1.33    4.00    4.00    0.00    0.00    2.66    0.00    0.00
    5.90    5.90    4.61    4.61    1.40    0.10    0.10    1.40    1.40    4.61    5.90
   -0.78   -0.78   -0.43   -0.43    0.43    0.78    0.78    0.43    0.43   -0.43   -0.78

-------------------
Frame 84
-------------------
L

    0.00    4.00    4.00    1.33    1.33    0.00    0.00
    0.57    0.57    1.65    1.65    5.43    5.43    0.57
   -1.76   -1.76   -0.98   -0.98    1.76    1.76   -1.76

U

    3.62    0.38    0.38    1.47    1.47    2.54    2.54    3.62    3.62
    0.00    0.00    6.00    6.00    1.33    1.33    6.00    6.00    0.00
   -1.18    1.18    1.18    0.39    0.39   -0.39   -0.39   -1.18   -1.18

Z

    0.00    4.00    4.00    1.33    4.00    4.00    0.00    0.00    2.66    0.00    0.00
    6.00    6.00    4.67    4.67    1.34    0.00    0.00    1.34    1.34    4.67    6.00
   -0.00   -0.00   -0.00   -0.00    0.00    0.00    0.00    0.00    0.00   -0.00   -0.00

-------------------
Frame 85
-------------------
L

    0.00    4.00    4.00    1.33    1.33    0.00    0.00
    0.88    0.88    1.82    1.82    5.12    5.12    0.88
   -2.12   -2.12   -1.18   -1.18    2.12    2.12   -2.12

U

    3.73    0.27    0.27    1.43    1.43    2.58    2.58    3.73    3.73
    0.00    0.00    6.00    6.00    1.33    1.33    6.00    6.00    0.00
   -1.00    1.00    1.00    0.33    0.33   -0.33   -0.33   -1.00   -1.00

Z

    0.00    4.00    4.00    1.33    4.00    4.00    0.00    0.00    2.66    0.00    0.00
    5.90    5.90    4.61    4.61    1.40    0.10    0.10    1.40    1.40    4.61    5.90
    0.78    0.78    0.43    0.43   -0.43   -0.78   -0.78   -0.43   -0.43    0.43    0.78

-------------------
Frame 86
-------------------
L

    0.00    4.00    4.00    1.33    1.33    0.00    0.00
    1.24    1.24    2.02    2.02    4.76    4.76    1.24
   -2.43   -2.43   -1.35   -1.35    2.43    2.43   -2.43

U

    3.83    0.17    0.17    1.40    1.40    2.61    2.61    3.83    3.83
    0.00    0.00    6.00    6.00    1.33    1.33    6.00    6.00    0.00
   -0.81    0.81    0.81    0.27    0.27   -0.27   -0.27   -0.81   -0.81

Z

    0.00    4.00    4.00    1.33    4.00    4.00    0.00    0.00    2.66    0.00    0.00
    5.60    5.60    4.45    4.45    1.56    0.40    0.40    1.56    1.56    4.45    5.60
    1.50    1.50    0.83    0.83   -0.83   -1.50   -1.50   -0.83   -0.83    0.83    1.50

-------------------
Frame 87
-------------------
L

    0.00    4.00    4.00    1.33    1.33    0.00    0.00
    1.64    1.64    2.24    2.24    4.36    4.36    1.64
   -2.67   -2.67   -1.49   -1.49    2.67    2.67   -2.67

U

    3.90    0.10    0.10    1.37    1.37    2.64    2.64    3.90    3.90
    0.00    0.00    6.00    6.00    1.33    1.33    6.00    6.00    0.00
   -0.62    0.62    0.62    0.20    0.20   -0.21   -0.21   -0.62   -0.62

Z

    0.00    4.00    4.00    1.33    4.00    4.00    0.00    0.00    2.66    0.00    0.00
    5.12    5.12    4.18    4.18    1.83    0.88    0.88    1.83    1.83    4.18    5.12
    2.12    2.12    1.18    1.18   -1.17   -2.12   -2.12   -1.17   -1.17    1.18    2.12

-------------------
Frame 88
-------------------
L

    0.00    4.00    4.00    1.33    1.33    0.00    0.00
    2.07    2.07    2.48    2.48    3.93    3.93    2.07
   -2.85   -2.85   -1.59   -1.59    2.85    2.85   -2.85

U

    3.96    0.04    0.04    1.35    1.35    2.66    2.66    3.96    3.96
    0.00    0.00    6.00    6.00    1.33    1.33    6.00    6.00    0.00
   -0.42    0.42    0.42    0.14    0.14   -0.14   -0.14   -0.42   -0.42

Z

    0.00    4.00    4.00    1.33    4.00    4.00    0.00    0.00    2.66    0.00    0.00
    4.50    4.50    3.83    3.83    2.17    1.50    1.50    2.17    2.17    3.83    4.50
    2.60    2.60    1.45    1.45   -1.44   -2.60   -2.60   -1.44   -1.44    1.45    2.60

-------------------
Frame 89
-------------------
L

    0.00    4.00    4.00    1.33    1.33    0.00    0.00
    2.53    2.53    2.74    2.74    3.47    3.47    2.53
   -2.96   -2.96   -1.65   -1.65    2.96    2.96   -2.96

U

    3.99    0.01    0.01    1.34    1.34    2.67    2.67    3.99    3.99
    0.00    0.00    6.00    6.00    1.33    1.33    6.00    6.00    0.00
   -0.21    0.21    0.21    0.07    0.07   -0.07   -0.07   -0.21   -0.21

Z

    0.00    4.00    4.00    1.33    4.00    4.00    0.00    0.00    2.66    0.00    0.00
    3.78    3.78    3.43    3.43    2.57    2.22    2.22    2.57    2.57    3.43    3.78
    2.90    2.90    1.61    1.61   -1.60   -2.90   -2.90   -1.60   -1.60    1.61    2.90

-------------------
Frame 90
-------------------
L

    0.00    4.00    4.00    1.33    1.33    0.00    0.00
    3.00    3.00    3.00    3.00    3.00    3.00    3.00
   -3.00   -3.00   -1.67   -1.67    3.00    3.00   -3.00

U

    4.00    0.00    0.00    1.34    1.34    2.67    2.67    4.00    4.00
    0.00    0.00    6.00    6.00    1.33    1.33    6.00    6.00    0.00
   -0.00    0.00    0.00    0.00    0.00   -0.00   -0.00   -0.00   -0.00

Z

    0.00    4.00    4.00    1.33    4.00    4.00    0.00    0.00    2.66    0.00    0.00
    3.00    3.00    3.00    3.00    3.00    3.00    3.00    3.00    3.00    3.00    3.00
    3.00    3.00    1.67    1.67   -1.66   -3.00   -3.00   -1.66   -1.66    1.67    3.00

-------------------
Frame 91
-------------------
L

    0.00    4.00    4.00    1.33    1.33    0.00    0.00
    3.47    3.47    3.26    3.26    2.53    2.53    3.47
   -2.96   -2.96   -1.65   -1.65    2.96    2.96   -2.96

U

    3.99    0.01    0.01    1.34    1.34    2.67    2.67    3.99    3.99
    0.00    0.00    6.00    6.00    1.33    1.33    6.00    6.00    0.00
    0.21   -0.21   -0.21   -0.07   -0.07    0.07    0.07    0.21    0.21

Z

    0.00    4.00    4.00    1.33    4.00    4.00    0.00    0.00    2.66    0.00    0.00
    2.22    2.22    2.57    2.57    3.43    3.78    3.78    3.43    3.43    2.57    2.22
    2.90    2.90    1.61    1.61   -1.60   -2.90   -2.90   -1.60   -1.60    1.61    2.90

-------------------
Frame 92
-------------------
L

    0.00    4.00    4.00    1.33    1.33    0.00    0.00
    3.93    3.93    3.52    3.52    2.07    2.07    3.93
   -2.85   -2.85   -1.59   -1.59    2.85    2.85   -2.85

U

    3.96    0.04    0.04    1.35    1.35    2.66    2.66    3.96    3.96
    0.00    0.00    6.00    6.00    1.33    1.33    6.00    6.00    0.00
    0.42   -0.42   -0.42   -0.14   -0.14    0.14    0.14    0.42    0.42

Z

    0.00    4.00    4.00    1.33    4.00    4.00    0.00    0.00    2.66    0.00    0.00
    1.50    1.50    2.16    2.16    3.83    4.50    4.50    3.83    3.83    2.16    1.50
    2.60    2.60    1.45    1.45   -1.44   -2.60   -2.60   -1.44   -1.44    1.45    2.60

-------------------
Frame 93
-------------------
L

    0.00    4.00    4.00    1.33    1.33    0.00    0.00
    4.36    4.36    3.76    3.76    1.64    1.64    4.36
   -2.67   -2.67   -1.49   -1.49    2.67    2.67   -2.67

U

    3.90    0.10    0.10    1.37    1.37    2.64    2.64    3.90    3.90
    0.00    0.00    6.00    6.00    1.33    1.33    6.00    6.00    0.00
    0.62   -0.62   -0.62   -0.20   -0.20    0.21    0.21    0.62    0.62

Z

    0.00    4.00    4.00    1.33    4.00    4.00    0.00    0.00    2.66    0.00    0.00
    0.88    0.88    1.82    1.82    4.17    5.12    5.12    4.17    4.17    1.82    0.88
    2.12    2.12    1.18    1.18   -1.17   -2.12   -2.12   -1.17   -1.17    1.18    2.12

-------------------
Frame 94
-------------------
L

    0.00    4.00    4.00    1.33    1.33    0.00    0.00
    4.76    4.76    3.98    3.98    1.24    1.24    4.76
   -2.43   -2.43   -1.35   -1.35    2.43    2.43   -2.43

U

    3.83    0.17    0.17    1.40    1.40    2.61    2.61    3.83    3.83
    0.00    0.00    6.00    6.00    1.33    1.33    6.00    6.00    0.00
    0.81   -0.81   -0.81   -0.27   -0.27    0.27    0.27    0.81    0.81

Z

    0.00    4.00    4.00    1.33    4.00    4.00    0.00    0.00    2.66    0.00    0.00
    0.40    0.40    1.55    1.55    4.44    5.60    5.60    4.44    4.44    1.55    0.40
    1.50    1.50    0.84    0.84   -0.83   -1.50   -1.50   -0.83   -0.83    0.84    1.50

-------------------
Frame 95
-------------------
L

    0.00    4.00    4.00    1.33    1.33    0.00    0.00
    5.12    5.12    4.18    4.18    0.88    0.88    5.12
   -2.12   -2.12   -1.18   -1.18    2.12    2.12   -2.12

U

    3.73    0.27    0.27    1.43    1.43    2.58    2.58    3.73    3.73
    0.00    0.00    6.00    6.00    1.33    1.33    6.00    6.00    0.00
    1.00   -1.00   -1.00   -0.33   -0.33    0.34    0.34    1.00    1.00

Z

    0.00    4.00    4.00    1.33    4.00    4.00    0.00    0.00    2.66    0.00    0.00
    0.10    0.10    1.39    1.39    4.60    5.90    5.90    4.60    4.60    1.39    0.10
    0.78    0.78    0.43    0.43   -0.43   -0.78   -0.78   -0.43   -0.43    0.43    0.78

-------------------
Frame 96
-------------------
L

    0.00    4.00    4.00    1.33    1.33    0.00    0.00
    5.43    5.43    4.35    4.35    0.57    0.57    5.43
   -1.76   -1.76   -0.98   -0.98    1.76    1.76   -1.76

U

    3.62    0.38    0.38    1.47    1.47    2.54    2.54    3.62    3.62
    0.00    0.00    6.00    6.00    1.33    1.33    6.00    6.00    0.00
    1.18   -1.18   -1.18   -0.39   -0.39    0.39    0.39    1.18    1.18

Z

    0.00    4.00    4.00    1.33    4.00    4.00    0.00    0.00    2.66    0.00    0.00
    0.00    0.00    1.33    1.33    4.66    6.00    6.00    4.66    4.66    1.33    0.00
    0.00    0.00    0.00    0.00   -0.00   -0.00   -0.00   -0.00   -0.00    0.00    0.00

-------------------
Frame 97
-------------------
L

    0.00    4.00    4.00    1.33    1.33    0.00    0.00
    5.67    5.67    4.49    4.49    0.33    0.33    5.67
   -1.36   -1.36   -0.76   -0.76    1.36    1.36   -1.36

U

    3.49    0.51    0.51    1.51    1.51    2.50    2.50    3.49    3.49
    0.00    0.00    6.00    6.00    1.33    1.33    6.00    6.00    0.00
    1.34   -1.34   -1.34   -0.44   -0.44    0.45    0.45    1.34    1.34

Z

    0.00    4.00    4.00    1.33    4.00    4.00    0.00    0.00    2.66    0.00    0.00
    0.10    0.10    1.39    1.39    4.60    5.90    5.90    4.60    4.60    1.39    0.10
   -0.78   -0.78   -0.43   -0.43    0.43    0.78    0.78    0.43    0.43   -0.43   -0.78

-------------------
Frame 98
-------------------
L

    0.00    4.00    4.00    1.33    1.33    0.00    0.00
    5.85    5.85    4.59    4.59    0.15    0.15    5.85
   -0.93   -0.93   -0.52   -0.52    0.93    0.93   -0.93

U

    3.34    0.66    0.66    1.56    1.56    2.45    2.45    3.34    3.34
    0.00    0.00    6.00    6.00    1.33    1.33    6.00    6.00    0.00
    1.49   -1.49   -1.49   -0.49   -0.49    0.50    0.50    1.49    1.49

Z

    0.00    4.00    4.00    1.33    4.00    4.00    0.00    0.00    2.66    0.00    0.00
    0.40    0.40    1.55    1.55    4.44    5.60    5.60    4.44    4.44    1.55    0.40
   -1.50   -1.50   -0.83   -0.83    0.83    1.50    1.50    0.83    0.83   -0.83   -1.50

-------------------
Frame 99
-------------------
L

    0.00    4.00    4.00    1.33    1.33    0.00    0.00
    5.96    5.96    4.65    4.65    0.04    0.04    5.96
   -0.47   -0.47   -0.26   -0.26    0.47    0.47   -0.47

U

    3.18    0.82    0.82    1.61    1.61    2.39    2.39    3.18    3.18
    0.00    0.00    6.00    6.00    1.33    1.33    6.00    6.00    0.00
    1.62   -1.62   -1.62   -0.53   -0.53    0.54    0.54    1.62    1.62

Z

    0.00    4.00    4.00    1.33    4.00    4.00    0.00    0.00    2.66    0.00    0.00
    0.88    0.88    1.82    1.82    4.17    5.12    5.12    4.17    4.17    1.82    0.88
   -2.12   -2.12   -1.18   -1.18    1.17    2.12    2.12    1.17    1.17   -1.18   -2.12

-------------------
Frame 100
-------------------
L

    0.00    4.00    4.00    1.33    1.33    0.00    0.00
    6.00    6.00    4.67    4.67    0.00    0.00    6.00
   -0.00   -0.00   -0.00   -0.00    0.00    0.00   -0.00

U

    3.00    1.00    1.00    1.67    1.67    2.34    2.34    3.00    3.00
    0.00    0.00    6.00    6.00    1.33    1.33    6.00    6.00    0.00
    1.73   -1.73   -1.73   -0.57   -0.57    0.58    0.58    1.73    1.73

Z

    0.00    4.00    4.00    1.33    4.00    4.00    0.00    0.00    2.66    0.00    0.00
    1.50    1.50    2.16    2.16    3.83    4.50    4.50    3.83    3.83    2.16    1.50
   -2.60   -2.60   -1.45   -1.45    1.44    2.60    2.60    1.44    1.44   -1.45   -2.60

-------------------
Frame 101
-------------------
L

    0.00    4.00    4.00    1.33    1.33    0.00    0.00
    5.96    5.96    4.65    4.65    0.04    0.04    5.96
    0.47    0.47    0.26    0.26   -0.47   -0.47    0.47

U

    2.81    1.19    1.19    1.73    1.73    2.27    2.27    2.81    2.81
    0.00    0.00    6.00    6.00    1.33    1.33    6.00    6.00    0.00
    1.83   -1.83   -1.83   -0.60   -0.60    0.61    0.61    1.83    1.83

Z

    0.00    4.00    4.00    1.33    4.00    4.00    0.00    0.00    2.66    0.00    0.00
    2.22    2.22    2.57    2.57    3.43    3.78    3.78    3.43    3.43    2.57    2.22
   -2.90   -2.90   -1.61   -1.61    1.60    2.90    2.90    1.60    1.60   -1.61   -2.90

-------------------
Frame 102
-------------------
L

    0.00    4.00    4.00    1.33    1.33    0.00    0.00
    5.85    5.85    4.59    4.59    0.15    0.15    5.85
    0.93    0.93    0.52    0.52   -0.93   -0.93    0.93

U

    2.62    1.38    1.38    1.80    1.80    2.21    2.21    2.62    2.62
    0.00    0.00    6.00    6.00    1.33    1.33    6.00    6.00    0.00
    1.90   -1.90   -1.90   -0.63   -0.63    0.64    0.64    1.90    1.90

Z

    0.00    4.00    4.00    1.33    4.00    4.00    0.00    0.00    2.66    0.00    0.00
    3.00    3.00    3.00    3.00    3.00    3.00    3.00    3.00    3.00    3.00    3.00
   -3.00   -3.00   -1.67   -1.67    1.66    3.00    3.00    1.66    1.66   -1.67   -3.00

-------------------
Frame 103
-------------------
L

    0.00    4.00    4.00    1.33    1.33    0.00    0.00
    5.67    5.67    4.49    4.49    0.33    0.33    5.67
    1.36    1.36    0.76    0.76   -1.36   -1.36    1.36

U

    2.42    1.58    1.58    1.86    1.86    2.14    2.14    2.42    2.42
    0.00    0.00    6.00    6.00    1.33    1.33    6.00    6.00    0.00
    1.96   -1.96   -1.96   -0.65   -0.65    0.66    0.66    1.96    1.96

Z

    0.00    4.00    4.00    1.33    4.00    4.00    0.00    0.00    2.66    0.00    0.00
    3.78    3.78    3.43    3.43    2.57    2.22    2.22    2.57    2.57    3.43    3.78
   -2.90   -2.90   -1.61   -1.61    1.60    2.90    2.90    1.60    1.60   -1.61   -2.90

-------------------
Frame 104
-------------------
L

    0.00    4.00    4.00    1.33    1.33    0.00    0.00
    5.43    5.43    4.35    4.35    0.57    0.57    5.43
    1.76    1.76    0.98    0.98   -1.76   -1.76    1.76

U

    2.21    1.79    1.79    1.93    1.93    2.07    2.07    2.21    2.21
    0.00    0.00    6.00    6.00    1.33    1.33    6.00    6.00    0.00
    1.99   -1.99   -1.99   -0.66   -0.66    0.67    0.67    1.99    1.99

Z

    0.00    4.00    4.00    1.33    4.00    4.00    0.00    0.00    2.66    0.00    0.00
    4.50    4.50    3.83    3.83    2.17    1.50    1.50    2.17    2.17    3.83    4.50
   -2.60   -2.60   -1.45   -1.45    1.44    2.60    2.60    1.44    1.44   -1.45   -2.60

-------------------
Frame 105
-------------------
L

    0.00    4.00    4.00    1.33    1.33    0.00    0.00
    5.12    5.12    4.18    4.18    0.88    0.88    5.12
    2.12    2.12    1.18    1.18   -2.12   -2.12    2.12

U

    2.00    2.00    2.00    2.00    2.00    2.00    2.00    2.00    2.00
    0.00    0.00    6.00    6.00    1.33    1.33    6.00    6.00    0.00
    2.00   -2.00   -2.00   -0.66   -0.66    0.67    0.67    2.00    2.00

Z

    0.00    4.00    4.00    1.33    4.00    4.00    0.00    0.00    2.66    0.00    0.00
    5.12    5.12    4.18    4.18    1.83    0.88    0.88    1.83    1.83    4.18    5.12
   -2.12   -2.12   -1.18   -1.18    1.17    2.12    2.12    1.17    1.17   -1.18   -2.12

-------------------
Frame 106
-------------------
L

    0.00    4.00    4.00    1.33    1.33    0.00    0.00
    4.76    4.76    3.98    3.98    1.24    1.24    4.76
    2.43    2.43    1.35    1.35   -2.43   -2.43    2.43

U

    1.79    2.21    2.21    2.07    2.07    1.93    1.93    1.79    1.79
    0.00    0.00    6.00    6.00    1.33    1.33    6.00    6.00    0.00
    1.99   -1.99   -1.99   -0.66   -0.66    0.67    0.67    1.99    1.99

Z

    0.00    4.00    4.00    1.33    4.00    4.00    0.00    0.00    2.66    0.00    0.00
    5.60    5.60    4.45    4.45    1.56    0.40    0.40    1.56    1.56    4.45    5.60
   -1.50   -1.50   -0.84   -0.84    0.83    1.50    1.50    0.83    0.83   -0.84   -1.50

-------------------
Frame 107
-------------------
L

    0.00    4.00    4.00    1.33    1.33    0.00    0.00
    4.36    4.36    3.76    3.76    1.64    1.64    4.36
    2.67    2.67    1.49    1.49   -2.67   -2.67    2.67

U

    1.58    2.42    2.42    2.14    2.14    1.86    1.86    1.58    1.58
    0.00    0.00    6.00    6.00    1.33    1.33    6.00    6.00    0.00
    1.96   -1.96   -1.96   -0.65   -0.65    0.66    0.66    1.96    1.96

Z

    0.00    4.00    4.00    1.33    4.00    4.00    0.00    0.00    2.66    0.00    0.00
    5.90    5.90    4.61    4.61    1.40    0.10    0.10    1.40    1.40    4.61    5.90
   -0.78   -0.78   -0.43   -0.43    0.43    0.78    0.78    0.43    0.43   -0.43   -0.78

-------------------
Frame 108
-------------------
L

    0.00    4.00    4.00    1.33    1.33    0.00    0.00
    3.93    3.93    3.52    3.52    2.07    2.07    3.93
    2.85    2.85    1.59    1.59   -2.85   -2.85    2.85

U

    1.38    2.62    2.62    2.20    2.20    1.79    1.79    1.38    1.38
    0.00    0.00    6.00    6.00    1.33    1.33    6.00    6.00    0.00
    1.90   -1.90   -1.90   -0.63   -0.63    0.64    0.64    1.90    1.90

Z

    0.00    4.00    4.00    1.33    4.00    4.00    0.00    0.00    2.66    0.00    0.00
    6.00    6.00    4.67    4.67    1.34    0.00    0.00    1.34    1.34    4.67    6.00
   -0.00   -0.00   -0.00   -0.00    0.00    0.00    0.00    0.00    0.00   -0.00   -0.00

-------------------
Frame 109
-------------------
L

    0.00    4.00    4.00    1.33    1.33    0.00    0.00
    3.47    3.47    3.26    3.26    2.53    2.53    3.47
    2.96    2.96    1.65    1.65   -2.96   -2.96    2.96

U

    1.19    2.81    2.81    2.27    2.27    1.73    1.73    1.19    1.19
    0.00    0.00    6.00    6.00    1.33    1.33    6.00    6.00    0.00
    1.83   -1.83   -1.83   -0.60   -0.60    0.61    0.61    1.83    1.83

Z

    0.00    4.00    4.00    1.33    4.00    4.00    0.00    0.00    2.66    0.00    0.00
    5.90    5.90    4.61    4.61    1.40    0.10    0.10    1.40    1.40    4.61    5.90
    0.78    0.78    0.43    0.43   -0.43   -0.78   -0.78   -0.43   -0.43    0.43    0.78

-------------------
Frame 110
-------------------
L

    0.00    4.00    4.00    1.33    1.33    0.00    0.00
    3.00    3.00    3.00    3.00    3.00    3.00    3.00
    3.00    3.00    1.67    1.67   -3.00   -3.00    3.00

U

    1.00    3.00    3.00    2.33    2.33    1.66    1.66    1.00    1.00
    0.00    0.00    6.00    6.00    1.33    1.33    6.00    6.00    0.00
    1.73   -1.73   -1.73   -0.57   -0.57    0.58    0.58    1.73    1.73

Z

    0.00    4.00    4.00    1.33    4.00    4.00    0.00    0.00    2.66    0.00    0.00
    5.60    5.60    4.45    4.45    1.56    0.40    0.40    1.56    1.56    4.45    5.60
    1.50    1.50    0.83    0.83   -0.83   -1.50   -1.50   -0.83   -0.83    0.83    1.50

-------------------
Frame 111
-------------------
L

    0.00    4.00    4.00    1.33    1.33    0.00    0.00
    2.53    2.53    2.74    2.74    3.47    3.47    2.53
    2.96    2.96    1.65    1.65   -2.96   -2.96    2.96

U

    0.82    3.18    3.18    2.39    2.39    1.61    1.61    0.82    0.82
    0.00    0.00    6.00    6.00    1.33    1.33    6.00    6.00    0.00
    1.62   -1.62   -1.62   -0.53   -0.53    0.54    0.54    1.62    1.62

Z

    0.00    4.00    4.00    1.33    4.00    4.00    0.00    0.00    2.66    0.00    0.00
    5.12    5.12    4.18    4.18    1.83    0.88    0.88    1.83    1.83    4.18    5.12
    2.12    2.12    1.18    1.18   -1.17   -2.12   -2.12   -1.17   -1.17    1.18    2.12

-------------------
Frame 112
-------------------
L

    0.00    4.00    4.00    1.33    1.33    0.00    0.00
    2.07    2.07    2.48    2.48    3.93    3.93    2.07
    2.85    2.85    1.59    1.59   -2.85   -2.85    2.85

U

    0.66    3.34    3.34    2.44    2.44    1.55    1.55    0.66    0.66
    0.00    0.00    6.00    6.00    1.33    1.33    6.00    6.00    0.00
    1.49   -1.49   -1.49   -0.49   -0.49    0.50    0.50    1.49    1.49

Z

    0.00    4.00    4.00    1.33    4.00    4.00    0.00    0.00    2.66    0.00    0.00
    4.50    4.50    3.84    3.84    2.17    1.50    1.50    2.17    2.17    3.84    4.50
    2.60    2.60    1.45    1.45   -1.44   -2.60   -2.60   -1.44   -1.44    1.45    2.60

-------------------
Frame 113
-------------------
L

    0.00    4.00    4.00    1.33    1.33    0.00    0.00
    1.64    1.64    2.24    2.24    4.36    4.36    1.64
    2.67    2.67    1.49    1.49   -2.67   -2.67    2.67

U

    0.51    3.49    3.49    2.49    2.49    1.50    1.50    0.51    0.51
    0.00    0.00    6.00    6.00    1.33    1.33    6.00    6.00    0.00
    1.34   -1.34   -1.34   -0.44   -0.44    0.45    0.45    1.34    1.34

Z

    0.00    4.00    4.00    1.33    4.00    4.00    0.00    0.00    2.66    0.00    0.00
    3.78    3.78    3.43    3.43    2.57    2.22    2.22    2.57    2.57    3.43    3.78
    2.90    2.90    1.61    1.61   -1.60   -2.90   -2.90   -1.60   -1.60    1.61    2.90

-------------------
Frame 114
-------------------
L

    0.00    4.00    4.00    1.33    1.33    0.00    0.00
    1.24    1.24    2.02    2.02    4.76    4.76    1.24
    2.43    2.43    1.35    1.35   -2.43   -2.43    2.43

U

    0.38    3.62    3.62    2.53    2.53    1.46    1.46    0.38    0.38
    0.00    0.00    6.00    6.00    1.33    1.33    6.00    6.00    0.00
    1.18   -1.18   -1.18   -0.39   -0.39    0.39    0.39    1.18    1.18

Z

    0.00    4.00    4.00    1.33    4.00    4.00    0.00    0.00    2.66    0.00    0.00
    3.00    3.00    3.00    3.00    3.00    3.00    3.00    3.00    3.00    3.00    3.00
    3.00    3.00    1.67    1.67   -1.66   -3.00   -3.00   -1.66   -1.66    1.67    3.00

-------------------
Frame 115
-------------------
L

    0.00    4.00    4.00    1.33    1.33    0.00    0.00
    0.88    0.88    1.82    1.82    5.12    5.12    0.88
    2.12    2.12    1.18    1.18   -2.12   -2.12    2.12

U

    0.27    3.73    3.73    2.57    2.57    1.42    1.42    0.27    0.27
    0.00    0.00    6.00    6.00    1.33    1.33    6.00    6.00    0.00
    1.00   -1.00   -1.00   -0.33   -0.33    0.33    0.33    1.00    1.00

Z

    0.00    4.00    4.00    1.33    4.00    4.00    0.00    0.00    2.66    0.00    0.00
    2.22    2.22    2.57    2.57    3.43    3.78    3.78    3.43    3.43    2.57    2.22
    2.90    2.90    1.61    1.61   -1.60   -2.90   -2.90   -1.60   -1.60    1.61    2.90

-------------------
Frame 116
-------------------
L

    0.00    4.00    4.00    1.33    1.33    0.00    0.00
    0.57    0.57    1.65    1.65    5.43    5.43    0.57
    1.76    1.76    0.98    0.98   -1.76   -1.76    1.76

U

    0.17    3.83    3.83    2.60    2.60    1.39    1.39    0.17    0.17
    0.00    0.00    6.00    6.00    1.33    1.33    6.00    6.00    0.00
    0.81   -0.81   -0.81   -0.27   -0.27    0.27    0.27    0.81    0.81

Z

    0.00    4.00    4.00    1.33    4.00    4.00    0.00    0.00    2.66    0.00    0.00
    1.50    1.50    2.17    2.17    3.83    4.50    4.50    3.83    3.83    2.17    1.50
    2.60    2.60    1.45    1.45   -1.44   -2.60   -2.60   -1.44   -1.44    1.45    2.60

-------------------
Frame 117
-------------------
L

    0.00    4.00    4.00    1.33    1.33    0.00    0.00
    0.33    0.33    1.51    1.51    5.67    5.67    0.33
    1.36    1.36    0.76    0.76   -1.36   -1.36    1.36

U

    0.10    3.90    3.90    2.63    2.63    1.36    1.36    0.10    0.10
    0.00    0.00    6.00    6.00    1.33    1.33    6.00    6.00    0.00
    0.62   -0.62   -0.62   -0.20   -0.20    0.21    0.21    0.62    0.62

Z

    0.00    4.00    4.00    1.33    4.00    4.00    0.00    0.00    2.66    0.00    0.00
    0.88    0.88    1.82    1.82    4.17    5.12    5.12    4.17    4.17    1.82    0.88
    2.12    2.12    1.18    1.18   -1.17   -2.12   -2.12   -1.17   -1.17    1.18    2.12

-------------------
Frame 118
-------------------
L

    0.00    4.00    4.00    1.33    1.33    0.00    0.00
    0.15    0.15    1.41    1.41    5.85    5.85    0.15
    0.93    0.93    0.52    0.52   -0.93   -0.93    0.93

U

    0.04    3.96    3.96    2.65    2.65    1.34    1.34    0.04    0.04
    0.00    0.00    6.00    6.00    1.33    1.33    6.00    6.00    0.00
    0.42   -0.42   -0.42   -0.14   -0.14    0.14    0.14    0.42    0.42

Z

    0.00    4.00    4.00    1.33    4.00    4.00    0.00    0.00    2.66    0.00    0.00
    0.40    0.40    1.55    1.55    4.44    5.60    5.60    4.44    4.44    1.55    0.40
    1.50    1.50    0.84    0.84   -0.83   -1.50   -1.50   -0.83   -0.83    0.84    1.50

-------------------
Frame 119
-------------------
L

    0.00    4.00    4.00    1.33    1.33    0.00    0.00
    0.04    0.04    1.35    1.35    5.96    5.96    0.04
    0.47    0.47    0.26    0.26   -0.47   -0.47    0.47

U

    0.01    3.99    3.99    2.66    2.66    1.33    1.33    0.01    0.01
    0.00    0.00    6.00    6.00    1.33    1.33    6.00    6.00    0.00
    0.21   -0.21   -0.21   -0.07   -0.07    0.07    0.07    0.21    0.21

Z

    0.00    4.00    4.00    1.33    4.00    4.00    0.00    0.00    2.66    0.00    0.00
    0.10    0.10    1.39    1.39    4.60    5.90    5.90    4.60    4.60    1.39    0.10
    0.78    0.78    0.43    0.43   -0.43   -0.78   -0.78   -0.43   -0.43    0.43    0.78

-------------------
Frame 120
-------------------
L

    0.00    4.00    4.00    1.33    1.33    0.00    0.00
    0.00    0.00    1.33    1.33    6.00    6.00    0.00
    0.00    0.00    0.00    0.00   -0.00   -0.00    0.00

U

    0.00    4.00    4.00    2.66    2.66    1.33    1.33    0.00    0.00
    0.00    0.00    6.00    6.00    1.33    1.33    6.00    6.00    0.00
    0.00   -0.00   -0.00   -0.00   -0.00    0.00    0.00    0.00    0.00

Z

    0.00    4.00    4.00    1.33    4.00    4.00    0.00    0.00    2.66    0.00    0.00
    0.00    0.00    1.33    1.33    4.66    6.00    6.00    4.66    4.66    1.33    0.00
    0.00    0.00    0.00    0.00   -0.00   -0.00   -0.00   -0.00   -0.00    0.00    0.00

